57.0 0.0 0.04567286593637476 
46.0 18.0 0.30248226717699556 
44.0 -4.0 0.2809259943410414 
42.0 19.0 0.24696943855007092 
41.0 42.0 0.01055846337871813 
40.0 22.0 0.7115041506040587 
39.0 23.0 0.8077200552130126 
39.0 -30.0 0.28837142177884356 
38.0 -3.0 2.905631753304383 
37.0 -18.0 0.7012173369330688 
37.0 30.0 0.3199705131374797 
36.0 -15.0 2.137557956565894 
35.0 -21.0 0.39051996264649613 
35.0 -8.0 4.260844562901767 
34.0 -18.0 3.3755237555457285 
33.0 -3.0 0.7752331306492 
33.0 -9.0 3.2559720369736977 
32.0 20.0 2.0407934302651975 
32.0 -6.0 7.416764742384618 
32.0 -2.0 4.616947133148641 
32.0 -14.0 4.10746776392501 
32.0 12.0 3.79130948924733 
32.0 1.0 1.8780803010487457 
31.0 -7.0 5.57265033517218 
31.0 -11.0 1.344209170213051 
30.0 -3.0 4.508769179822791 
30.0 25.0 1.2256965379275897 
29.0 -14.0 7.091586447308007 
29.0 12.0 8.742284391151877 
29.0 -8.0 9.891621372927428 
29.0 -23.0 1.971263823349556 
28.0 9.0 9.468037289865894 
28.0 23.0 1.0838523924711074 
28.0 -11.0 4.415639144923378 
28.0 -28.0 0.20462459173342662 
27.0 -3.0 11.133620207910312 
27.0 13.0 7.6110125239347015 
27.0 -17.0 3.8346537368476596 
27.0 2.0 9.85913552487483 
26.0 1.0 9.970681256959214 
26.0 18.0 1.8481619850824194 
26.0 17.0 5.80978624132189 
26.0 -9.0 4.22778210467778 
26.0 -4.0 5.3017031193158815 
26.0 23.0 3.6523111027551014 
26.0 -2.0 12.531608672110783 
26.0 -35.0 0.40417380783897006 
26.0 -9.0 0.2359569885940216 
26.0 -29.0 3.194873696342082 
25.0 -5.0 8.685528764130868 
25.0 -5.0 10.280155197424644 
25.0 -11.0 6.729946990648328 
25.0 -12.0 4.28952749134337 
25.0 -14.0 3.2527127113323173 
24.0 18.0 7.540828628539331 
24.0 2.0 10.523444606057142 
24.0 -12.0 9.785769121417598 
24.0 -29.0 0.043146763058610205 
24.0 17.0 3.8498858810542824 
24.0 10.0 2.099681252076935 
23.0 1.0 11.498092003517701 
23.0 -9.0 6.672828807459785 
23.0 14.0 1.0156078939628221 
23.0 -28.0 1.0521493809341198 
23.0 6.0 12.237176102698033 
23.0 -22.0 2.5914692657336147 
23.0 -11.0 14.3905070479029 
23.0 -17.0 3.56776078444776 
23.0 -3.0 2.4048067678766882 
23.0 3.0 9.351022676439724 
23.0 -16.0 9.93610038414805 
23.0 19.0 0.5038203386610318 
23.0 -16.0 2.7864466685917355 
22.0 -13.0 5.544966231920578 
22.0 -24.0 5.3083501221495855 
22.0 17.0 11.609030874542237 
22.0 11.0 8.821296229293395 
22.0 9.0 11.45503232700995 
22.0 0.0 4.737336337546916 
22.0 -25.0 6.495368186486661 
22.0 -21.0 1.47711030183173 
22.0 -19.0 10.005731763295 
21.0 -1.0 0.9535804461620057 
21.0 0.0 14.341891574439991 
21.0 -19.0 8.451458807949951 
21.0 7.0 15.165356670910235 
21.0 -13.0 8.917762985304112 
21.0 6.0 11.38541711261054 
21.0 11.0 14.299167611268038 
21.0 -19.0 3.696825470758003 
21.0 15.0 6.1266408027842445 
21.0 8.0 4.66779146478169 
21.0 3.0 8.562744475569373 
20.0 15.0 1.292812856650949 
20.0 14.0 9.138091690742534 
20.0 13.0 10.977175289330843 
20.0 -28.0 2.749962619521984 
20.0 -22.0 6.422785989080526 
20.0 20.0 7.799589366002002 
20.0 6.0 13.794923183478192 
20.0 4.0 6.64051312192937 
20.0 4.0 1.1479493755209846 
20.0 -19.0 11.488009912314801 
20.0 31.0 2.0692426240298545 
20.0 0.0 4.005816255709838 
19.0 -23.0 9.234069148508329 
19.0 0.0 5.079313657678997 
19.0 17.0 9.39668780883618 
19.0 7.0 3.3266547798788126 
19.0 4.0 13.686091584307448 
19.0 19.0 0.635502202453897 
19.0 34.0 2.3577934296633574 
19.0 2.0 15.028514810232041 
19.0 11.0 7.877174757513039 
19.0 -13.0 9.750588539327754 
19.0 10.0 11.739510617786886 
18.0 19.0 0.22760536115074004 
18.0 5.0 1.318045411862534 
18.0 1.0 4.863912954195415 
18.0 29.0 6.302374920820308 
18.0 12.0 9.788817375525284 
18.0 -7.0 12.8449500402108 
18.0 -1.0 0.5356810098603448 
18.0 3.0 8.14470142698176 
18.0 0.0 0.011717201377381414 
18.0 -9.0 4.407571556192091 
18.0 3.0 7.631464964770629 
18.0 -31.0 3.113508705824275 
18.0 7.0 3.4000509992182515 
18.0 22.0 6.854822019839002 
18.0 12.0 13.341139293263415 
18.0 -10.0 12.450974476157729 
18.0 5.0 15.800396173215493 
18.0 17.0 4.137086649857347 
18.0 18.0 7.036601130811282 
18.0 0.0 8.128697645304882 
17.0 -18.0 7.745185384173903 
17.0 23.0 8.144851809860798 
17.0 9.0 10.417940526487811 
17.0 5.0 3.9102414143126207 
17.0 32.0 1.7596797482806181 
17.0 13.0 0.2685593261710917 
17.0 12.0 11.167140836246926 
17.0 17.0 3.989708750473109 
17.0 -4.0 3.2560835300309288 
17.0 28.0 0.889325091497084 
17.0 -6.0 9.35980721363494 
17.0 28.0 3.592267190754672 
17.0 13.0 12.682971008897038 
17.0 -3.0 12.291698463441026 
17.0 8.0 5.593225588803485 
17.0 2.0 2.5133037751914333 
17.0 19.0 6.654087700149969 
17.0 -19.0 6.132973114299056 
17.0 14.0 10.614142939092574 
17.0 31.0 2.503307981900682 
16.0 6.0 5.754269505245935 
16.0 -7.0 3.2171645906213797 
16.0 -22.0 3.98717282436567 
16.0 -9.0 2.9325522827980954 
16.0 -35.0 3.2693369117592352 
16.0 -45.0 0.5875224914307919 
16.0 -12.0 17.805209461930094 
16.0 -19.0 3.9954118837350894 
16.0 29.0 1.4866810055017554 
16.0 -6.0 8.48641735679212 
16.0 29.0 1.1293686300067884 
16.0 2.0 3.119088716763474 
16.0 23.0 9.394033888507124 
16.0 -31.0 5.0393900856197105 
16.0 0.0 13.08275355436539 
15.0 -15.0 5.0081365827510105 
15.0 -4.0 7.429256149098951 
15.0 -11.0 7.977531900952295 
15.0 -15.0 16.248359116922906 
15.0 -32.0 1.018477863689471 
15.0 9.0 6.418542169940866 
15.0 9.0 15.843927395323476 
15.0 5.0 3.3237692293487386 
15.0 -18.0 4.520443755984371 
15.0 7.0 12.84059722536579 
15.0 25.0 2.310844795318734 
15.0 44.0 0.2458678069254816 
14.0 7.0 16.45976751320344 
14.0 28.0 3.270090339565046 
14.0 -26.0 6.245442515647182 
14.0 -45.0 0.3142332087765487 
14.0 -23.0 2.95157068709595 
14.0 -11.0 5.599373379453598 
14.0 -21.0 2.646587410617296 
14.0 28.0 4.789330279716508 
14.0 28.0 5.0179276395248 
14.0 6.0 13.901843780862787 
14.0 -32.0 1.2081563059717082 
14.0 11.0 5.906792148431594 
14.0 -50.0 0.0547244217750098 
14.0 24.0 2.280198049860016 
14.0 -18.0 2.5175016401718375 
14.0 -25.0 2.9802507145898494 
14.0 27.0 3.6652850488191335 
14.0 -10.0 4.298562237835535 
13.0 29.0 4.495965177151007 
13.0 33.0 4.783175167837106 
13.0 2.0 12.155991470291006 
13.0 1.0 8.765694496432829 
13.0 -37.0 2.46394347421508 
13.0 -5.0 2.1664504643439386 
13.0 9.0 6.55136202263451 
13.0 -26.0 6.692069984880811 
13.0 -8.0 7.736693712154796 
13.0 15.0 9.932017285894545 
13.0 -21.0 1.8875298227029047 
13.0 21.0 4.59242241891944 
13.0 -14.0 0.03576763860224652 
13.0 -22.0 8.863043390481273 
13.0 -22.0 5.999636732399005 
13.0 -12.0 3.5153265522559485 
13.0 19.0 2.6206383160346514 
13.0 11.0 1.558130892772458 
13.0 24.0 12.325796582902449 
13.0 -18.0 14.228942668715439 
12.0 -25.0 0.36017775124319584 
12.0 -13.0 10.011802421823756 
12.0 39.0 1.2906258272170623 
12.0 -19.0 10.022897039581258 
12.0 25.0 6.161575967233435 
12.0 0.0 5.283947603628603 
12.0 27.0 2.9711407242647425 
12.0 -29.0 2.2345405352647285 
12.0 9.0 14.795086534477475 
12.0 -9.0 5.446210025810694 
11.0 -12.0 8.32632099017827 
11.0 18.0 14.526737700131465 
11.0 16.0 8.203763512372731 
11.0 -7.0 13.647758721274993 
11.0 20.0 15.749121960668134 
11.0 3.0 1.2356431051360195 
11.0 32.0 5.905095047376463 
11.0 -26.0 1.4011385777789043 
11.0 25.0 8.422176912285417 
11.0 11.0 8.690119123972329 
11.0 -21.0 6.092173966291692 
11.0 6.0 5.084618031052757 
11.0 -11.0 5.675290845378211 
10.0 18.0 3.6751949831966835 
10.0 15.0 5.6330670228138535 
10.0 -16.0 9.919459218704851 
10.0 -23.0 9.256302180927323 
10.0 -21.0 4.508635479479439 
10.0 -10.0 15.465201930521255 
10.0 -20.0 6.334734744517179 
10.0 21.0 4.476224233123216 
10.0 21.0 12.806457466196907 
10.0 -8.0 3.333965231052227 
10.0 20.0 6.430646636235604 
10.0 -32.0 4.626542914424769 
10.0 3.0 3.111283018441102 
10.0 20.0 2.66544029298188 
10.0 -4.0 0.8105119014105711 
10.0 -20.0 15.995114785273046 
10.0 -20.0 3.9872551720012694 
10.0 -16.0 16.52983974549782 
9.0 -20.0 7.577254981609771 
9.0 26.0 11.403309793133975 
9.0 -24.0 3.2018162613737244 
9.0 -28.0 6.4711711184232135 
9.0 -19.0 13.431195273078234 
9.0 -24.0 10.581052827386749 
9.0 -12.0 11.587920926478867 
9.0 -11.0 13.501481208384236 
9.0 -36.0 2.2119190466847183 
9.0 18.0 4.272287656529539 
9.0 -4.0 8.609772071000886 
8.0 -10.0 1.1496584545255262 
8.0 -6.0 3.982254778688188 
8.0 46.0 0.1709442011595952 
8.0 -23.0 12.618645072474344 
8.0 -25.0 9.895535578688719 
8.0 10.0 9.188698253813744 
8.0 -24.0 10.241347411809265 
8.0 -14.0 9.196625416448946 
8.0 -9.0 1.8920558276007693 
8.0 31.0 6.478501282359717 
8.0 -21.0 13.791353198339685 
8.0 37.0 1.9568278846475717 
8.0 -21.0 8.329430227484114 
8.0 16.0 17.36362392939195 
8.0 -13.0 6.125053010309411 
7.0 -24.0 8.407837786464922 
7.0 -14.0 16.624623661355088 
7.0 28.0 4.865819686686312 
7.0 -7.0 2.4330755579853314 
7.0 3.0 3.350349748318271 
7.0 19.0 4.54978713048193 
7.0 -11.0 5.734777910484046 
7.0 -33.0 1.8733523206997393 
7.0 10.0 10.564206195789016 
7.0 -7.0 0.9725847691907097 
6.0 -5.0 4.65428000749768 
6.0 19.0 0.05412409196048351 
6.0 -30.0 0.7225288335771518 
6.0 -16.0 7.999892554220955 
6.0 18.0 13.895162061597354 
6.0 -23.0 14.397007134826833 
6.0 13.0 4.402830939983171 
6.0 -39.0 2.0061906234656313 
6.0 14.0 5.706078960958094 
6.0 -15.0 0.06494574390536467 
6.0 17.0 4.97877367264099 
6.0 -21.0 9.880671387109018 
6.0 8.0 2.5541555476685796 
6.0 19.0 0.2913405901596722 
6.0 -27.0 4.22060687287773 
6.0 -10.0 8.806431573068929 
6.0 -13.0 7.229192971038745 
6.0 29.0 6.132141901099897 
6.0 24.0 5.912124845134592 
5.0 -8.0 2.9749201771412936 
5.0 -17.0 8.722648575989588 
5.0 20.0 12.191578309872053 
5.0 25.0 11.473782503170993 
5.0 -11.0 3.4134092644863 
5.0 -8.0 6.097056321494709 
5.0 24.0 9.701438678232144 
5.0 -7.0 5.323249554706533 
5.0 -10.0 8.44373412698307 
5.0 7.0 3.543045708282233 
5.0 -25.0 10.305393883406788 
5.0 -16.0 0.16926882192047632 
5.0 -13.0 1.693279689021221 
5.0 22.0 3.711248579217674 
4.0 17.0 9.16938986556637 
4.0 -27.0 12.82834072927852 
4.0 -19.0 6.266336465477695 
4.0 -28.0 1.5757255906606593 
4.0 24.0 2.8912539408438853 
4.0 17.0 6.403829594792909 
4.0 33.0 4.326771014975028 
3.0 33.0 0.8445099283695967 
3.0 -27.0 0.5126752903402698 
3.0 -18.0 11.819821510112405 
3.0 16.0 7.118531764778058 
3.0 -11.0 5.71963511707374 
3.0 18.0 12.405154307923771 
3.0 22.0 14.09132851860917 
3.0 -19.0 16.82967339398389 
2.0 19.0 11.828642021451508 
2.0 -28.0 1.170192698849104 
2.0 22.0 8.800831226585814 
2.0 -21.0 8.633604746087764 
2.0 19.0 4.99451431225828 
2.0 -4.0 0.5922752650374674 
2.0 -33.0 3.06956482917653 
2.0 17.0 2.638928579533406 
2.0 27.0 0.8050911503564295 
2.0 21.0 12.839619162145489 
1.0 14.0 13.718637252463473 
1.0 -39.0 0.22436054803476324 
1.0 16.0 10.773619972310078 
1.0 -21.0 8.728849225470125 
1.0 -33.0 0.692664866677628 
1.0 11.0 5.162018590397333 
1.0 -10.0 1.8951981677145513 
1.0 25.0 0.2664306648089143 
0.0 -23.0 7.326762143619714 
0.0 23.0 3.949686007378439 
0.0 11.0 10.121657698562991 
0.0 -11.0 0.26063551787369743 
0.0 11.0 2.9571893359583434 
0.0 17.0 6.1103440767695805 
-1.0 -40.0 1.2426792731967673 
-1.0 -16.0 7.09233206089277 
-1.0 23.0 13.240809012367682 
-1.0 -17.0 9.523677945502463 
-1.0 20.0 1.8208191144606367 
-1.0 -17.0 1.737763004311721 
-1.0 -14.0 4.03816753025088 
-1.0 10.0 2.251583064429963 
-1.0 -31.0 8.390196368819547 
-1.0 -33.0 2.5302033118310696 
-1.0 17.0 9.167176555773038 
-1.0 24.0 8.865332895756971 
-1.0 -28.0 3.732970827943438 
-2.0 -28.0 6.247682734744409 
-2.0 -13.0 5.50381323117366 
-2.0 16.0 12.65277891658345 
-2.0 26.0 7.596143630719476 
-2.0 -15.0 11.0709028310233 
-2.0 23.0 16.58985800242796 
-2.0 -22.0 4.445797336088297 
-2.0 -23.0 14.69938403636628 
-2.0 -25.0 8.661590361148885 
-2.0 15.0 14.13020467826298 
-3.0 -22.0 16.347302013686836 
-3.0 -5.0 1.0027434158218496 
-3.0 -16.0 11.581183354316238 
-3.0 -23.0 12.263495440659522 
-3.0 16.0 2.045927511540313 
-3.0 -24.0 8.226690200617393 
-4.0 11.0 3.9827720548959444 
-4.0 12.0 4.496376202643759 
-4.0 -11.0 2.7648177849528555 
-4.0 -32.0 7.230856373621641 
-4.0 31.0 8.472218302330138 
-4.0 22.0 14.404409380242011 
-4.0 -30.0 5.934589034669591 
-4.0 25.0 5.211058973927374 
-4.0 25.0 12.476893931582689 
-4.0 -32.0 1.3659030317914045 
-4.0 36.0 2.2802899867072624 
-5.0 -9.0 5.2924901036998095 
-5.0 12.0 1.278903491620853 
-5.0 -2.0 0.1911657500428543 
-5.0 -23.0 12.121664375228992 
-5.0 -17.0 1.9058257486361807 
-5.0 24.0 3.1972801307948995 
-5.0 26.0 5.582689158202925 
-5.0 -10.0 3.9608800699825197 
-5.0 -27.0 1.4131923559917992 
-5.0 25.0 9.974029003154804 
-5.0 38.0 2.3836962597511 
-6.0 -10.0 1.534237862364174 
-6.0 3.0 1.134363662524951 
-6.0 18.0 4.50314861310086 
-6.0 27.0 7.044094788842048 
-6.0 24.0 14.385159339738273 
-6.0 25.0 0.029568000475044265 
-6.0 30.0 1.796462335090676 
-6.0 22.0 11.524072058532898 
-6.0 -29.0 6.238655117983938 
-6.0 14.0 6.2480421913193585 
-7.0 -18.0 5.188544618593416 
-7.0 -26.0 7.452548078127563 
-7.0 -9.0 8.880532456083001 
-7.0 12.0 9.42342039928301 
-7.0 -18.0 6.814909514369472 
-7.0 -16.0 0.07470312035606774 
-7.0 29.0 0.4287362396844241 
-7.0 -25.0 2.59534205412304 
-7.0 -33.0 2.749242251631756 
-8.0 11.0 8.034442578667367 
-8.0 6.0 0.46570250763433574 
-8.0 -22.0 12.210584313786743 
-8.0 20.0 5.960135517042997 
-8.0 10.0 10.618999422119302 
-8.0 -33.0 3.7528114306253357 
-8.0 7.0 8.77539428097407 
-8.0 17.0 2.198873628793674 
-8.0 18.0 11.390489071234633 
-8.0 -10.0 13.445225443307173 
-8.0 21.0 7.916914091354532 
-8.0 -20.0 16.22377331953706 
-8.0 -4.0 0.6244894642201126 
-8.0 -4.0 1.8570043121785007 
-9.0 8.0 7.4824691280869216 
-9.0 -19.0 1.5140136457484354 
-9.0 14.0 11.915806484901314 
-9.0 11.0 5.752211417980768 
-9.0 -16.0 2.3116578686525058 
-9.0 -37.0 3.5334631475884004 
-9.0 14.0 12.09238864788864 
-9.0 25.0 3.426067835822444 
-9.0 -26.0 4.3524237860151915 
-9.0 -26.0 4.7225698379250725 
-9.0 20.0 9.02266593840828 
-9.0 15.0 15.240566945690537 
-9.0 -29.0 1.4356477825387959 
-9.0 11.0 1.0300459732983658 
-9.0 11.0 14.441187225965768 
-9.0 7.0 4.323550571428192 
-10.0 -8.0 13.141269476303341 
-10.0 6.0 3.9337868221041017 
-10.0 9.0 12.84129380327892 
-10.0 -14.0 8.564531249856234 
-10.0 -25.0 3.746636372843226 
-10.0 -20.0 7.087883353018465 
-10.0 -4.0 6.142172382525679 
-10.0 34.0 3.7999800687323892 
-10.0 21.0 10.420447566228175 
-10.0 -11.0 14.872223369990278 
-10.0 26.0 5.519116669958302 
-10.0 22.0 4.3603955624431645 
-10.0 -8.0 11.179593564445423 
-10.0 -6.0 12.397066140342638 
-11.0 26.0 2.7431190390996285 
-11.0 6.0 11.82217427918031 
-11.0 -23.0 0.7881748578350001 
-11.0 -26.0 2.6666872704809164 
-11.0 -16.0 9.52888509445815 
-11.0 -25.0 4.53336189553033 
-11.0 18.0 14.716455215102231 
-11.0 -16.0 16.959989031978484 
-11.0 -10.0 8.60958958712188 
-12.0 -17.0 0.16384901380550598 
-12.0 33.0 0.6886823284871779 
-12.0 -8.0 0.06583532606441178 
-12.0 -2.0 7.113347172835183 
-12.0 19.0 4.742586785326464 
-12.0 16.0 8.971846267013305 
-12.0 2.0 9.512490793798566 
-12.0 20.0 9.03939004415022 
-12.0 -30.0 7.286282023426294 
-12.0 -26.0 1.3674228684864564 
-12.0 -38.0 0.6666615016732713 
-12.0 -5.0 2.4462958310949023 
-12.0 -23.0 10.133823936379404 
-12.0 2.0 6.996977117060821 
-12.0 -4.0 9.09094313283132 
-12.0 -13.0 5.7827499611009525 
-12.0 19.0 11.145341485838012 
-12.0 -25.0 2.4755037898408494 
-12.0 27.0 5.085435261967586 
-13.0 32.0 1.097118060024993 
-13.0 2.0 13.804984593171032 
-13.0 -1.0 11.70953948290765 
-13.0 -22.0 13.158559312745899 
-13.0 18.0 5.591624176593424 
-13.0 11.0 2.4879933946075905 
-13.0 15.0 7.7886759636013325 
-13.0 7.0 11.11597401422193 
-13.0 21.0 8.222927586934436 
-13.0 4.0 14.90526464661357 
-13.0 18.0 4.955708761022803 
-14.0 27.0 3.910735793318132 
-14.0 7.0 8.088917263076478 
-14.0 -12.0 11.415408063203515 
-14.0 3.0 12.057606412624654 
-14.0 -8.0 0.5404715364050183 
-14.0 25.0 1.6282036007384537 
-14.0 20.0 12.866313299261245 
-14.0 -23.0 5.764513065223187 
-14.0 10.0 5.654330911663896 
-15.0 2.0 4.258439156782146 
-15.0 -10.0 17.69432724137543 
-15.0 -10.0 12.221495864868647 
-15.0 -40.0 0.6021358932514209 
-15.0 -2.0 14.270613025580081 
-15.0 17.0 7.903486926783443 
-15.0 1.0 5.003538381960326 
-15.0 -1.0 7.295773963516328 
-15.0 6.0 2.4087890407826773 
-15.0 -25.0 1.743832715486282 
-15.0 -14.0 13.533580556740588 
-15.0 -30.0 5.008077713020698 
-15.0 22.0 13.619787026367458 
-15.0 -11.0 16.925293635086103 
-16.0 -34.0 1.0331515902241017 
-16.0 -2.0 11.65783762747974 
-16.0 15.0 7.418779820027588 
-16.0 -16.0 1.1687973646836713 
-16.0 29.0 5.991684514708329 
-16.0 19.0 2.986583570800949 
-16.0 14.0 1.9930813786803725 
-16.0 -25.0 6.20399256719939 
-16.0 -31.0 4.030173109611623 
-16.0 29.0 2.987090642499357 
-16.0 27.0 6.777889571942808 
-16.0 9.0 13.916368478930519 
-17.0 -28.0 3.863473649188376 
-17.0 -11.0 7.72824855425347 
-17.0 -21.0 3.2067762399498045 
-17.0 -27.0 0.6598627158704851 
-17.0 -16.0 16.23904089535122 
-17.0 19.0 11.911651971115656 
-17.0 22.0 1.0936128447212035 
-17.0 3.0 1.450918758473918 
-18.0 -10.0 12.040718575137888 
-18.0 15.0 16.06903912584223 
-18.0 -19.0 1.913265533587838 
-18.0 24.0 9.807692011042256 
-18.0 -26.0 5.8492569648719295 
-19.0 14.0 3.5804089383874027 
-19.0 -13.0 9.128392473226832 
-19.0 12.0 15.487308483529084 
-19.0 3.0 11.244679025911196 
-19.0 -16.0 4.650004780617389 
-19.0 -20.0 3.6121710995169476 
-19.0 -16.0 13.696360351674652 
-19.0 22.0 8.253494220415657 
-19.0 -2.0 7.844838189977943 
-20.0 22.0 7.264801379038177 
-20.0 14.0 4.010038361973889 
-20.0 -9.0 6.169492319691994 
-20.0 -19.0 8.858958940903495 
-20.0 -11.0 2.9630420380677425 
-20.0 2.0 17.248906621848413 
-20.0 26.0 5.821465990055619 
-20.0 8.0 1.2413243414938213 
-20.0 35.0 2.0088339860616644 
-20.0 25.0 6.85801170334821 
-20.0 14.0 8.131303773731503 
-20.0 0.0 4.927231922190578 
-21.0 -4.0 13.96243865087654 
-21.0 10.0 9.984805464226753 
-21.0 7.0 14.427029639550671 
-21.0 -5.0 9.23490824191675 
-21.0 14.0 8.166321381606112 
-21.0 1.0 1.437604390413627 
-21.0 -31.0 1.2209569803478537 
-22.0 -25.0 2.0819212123597275 
-22.0 19.0 2.9474946539136404 
-22.0 -27.0 3.7849077417981825 
-22.0 -3.0 11.946876581597987 
-22.0 13.0 2.6911433177189137 
-22.0 -19.0 7.674940861300605 
-23.0 15.0 6.697462604055571 
-23.0 8.0 8.78556220420046 
-23.0 -36.0 0.3071378854606621 
-23.0 -10.0 11.23302445692742 
-23.0 20.0 9.583941548476416 
-23.0 7.0 6.898157562621354 
-24.0 0.0 0.6305992324070475 
-24.0 -16.0 10.341914185895362 
-24.0 4.0 4.693831124122805 
-24.0 -22.0 2.945120150281033 
-24.0 -1.0 11.764966787798038 
-24.0 3.0 13.774364876132704 
-24.0 -26.0 0.2889106303952671 
-24.0 12.0 8.02237307242104 
-24.0 -25.0 5.166739704554835 
-24.0 -14.0 4.400268558259146 
-24.0 6.0 7.630297352795079 
-24.0 -18.0 3.919222026539493 
-24.0 -39.0 0.3280670740664071 
-25.0 -8.0 1.256995141475148 
-25.0 -9.0 11.97696784884872 
-25.0 15.0 2.530573381188672 
-25.0 -16.0 4.979064385728704 
-25.0 11.0 5.285337003389068 
-25.0 -4.0 12.962597790903585 
-25.0 33.0 1.002987273802436 
-26.0 -17.0 3.700529947078146 
-26.0 -3.0 12.710682284495455 
-26.0 35.0 0.7877640281486187 
-26.0 -5.0 2.6595991002035246 
-26.0 0.0 11.668614013915835 
-26.0 -23.0 1.5913336920186927 
-26.0 -8.0 0.6576108962775828 
-26.0 -2.0 8.372469608478706 
-27.0 22.0 0.554959727332105 
-27.0 12.0 0.635388589717456 
-27.0 -13.0 5.900510218419308 
-27.0 3.0 2.166952614600537 
-27.0 -32.0 1.8166145845379678 
-28.0 30.0 1.8448824998062996 
-28.0 -21.0 2.110239574756756 
-28.0 21.0 0.873810919536866 
-28.0 5.0 3.198437633502138 
-28.0 -5.0 8.675081887598912 
-28.0 -2.0 6.5242830281226905 
-28.0 19.0 2.7436527959361356 
-29.0 -12.0 6.576073911963798 
-29.0 -3.0 5.265896308272677 
-29.0 12.0 6.480805851113103 
-29.0 4.0 9.705311995316768 
-29.0 29.0 1.8209397278018402 
-30.0 1.0 9.331986390204161 
-30.0 -15.0 5.909428384176407 
-30.0 -23.0 1.315228388455325 
-30.0 -2.0 0.3639213836880151 
-30.0 2.0 4.196853624431229 
-30.0 -21.0 2.534944860524413 
-31.0 19.0 0.5716780467687199 
-31.0 1.0 8.13296030009325 
-32.0 -4.0 4.102454943753275 
-32.0 2.0 7.980636331541335 
-32.0 -12.0 0.22769852737147822 
-32.0 -15.0 1.7071338672918213 
-32.0 25.0 2.407893840140507 
-33.0 -10.0 2.741786795209755 
-33.0 9.0 1.1586082457357705 
-33.0 18.0 1.4287087071807036 
-33.0 1.0 1.8842090462526384 
-33.0 -3.0 5.759721344437696 
-33.0 -28.0 0.08910058089850459 
-34.0 25.0 1.0222115564395562 
-35.0 -20.0 0.7397710721848139 
-35.0 -11.0 2.521680348240074 
-35.0 1.0 2.86210731431058 
-35.0 -19.0 0.800128700276459 
-35.0 -4.0 1.7457386162683663 
-36.0 23.0 0.1585118245157613 
-36.0 11.0 2.4504467538307706 
-37.0 -1.0 0.4054831918584023 
-38.0 13.0 0.34804572253754884 
-38.0 -14.0 1.2062335552954773 
-38.0 13.0 2.1600562517094524 
-39.0 12.0 0.8347930201801912 
-41.0 -7.0 0.8146978591627718 
-42.0 -4.0 0.7995681400988497 
-42.0 -6.0 0.25095280986442425 
-44.0 -6.0 1.1442447801561784 
-45.0 1.0 0.3149795333852179 
