32.0 -1.0 0.5761577744471946 
30.0 2.0 0.7813888501657651 
29.0 7.0 0.023784251246938837 
28.0 6.0 1.4765821288795777 
28.0 -6.0 0.4752951809682271 
26.0 1.0 0.9847553915481866 
26.0 4.0 2.0313902159471153 
25.0 -12.0 2.60692171347765 
25.0 0.0 2.5487424179249096 
25.0 6.0 1.8274127860178346 
24.0 -9.0 1.4213831780990338 
24.0 -8.0 2.546064604871612 
24.0 5.0 3.9798858455684094 
24.0 -4.0 0.43543069819063085 
23.0 -9.0 5.7492208895544294 
23.0 0.0 7.88762534516374 
23.0 10.0 4.171391483002607 
22.0 -19.0 1.078132604173443 
22.0 -3.0 11.20320447126877 
22.0 0.0 6.774063066059655 
22.0 7.0 8.083400528951511 
21.0 5.0 14.293005699244299 
21.0 5.0 1.5935401553058837 
21.0 5.0 0.9636341110589308 
20.0 -19.0 1.3411251456634243 
20.0 3.0 0.47814146141467173 
20.0 -14.0 5.0164551489362275 
20.0 -15.0 2.4753066843685723 
20.0 3.0 9.958543576848445 
20.0 7.0 8.67179188337186 
20.0 -1.0 4.413313310554612 
20.0 -8.0 2.0570981113449127 
20.0 0.0 10.158068360215932 
19.0 19.0 1.128708658183486 
19.0 0.0 2.618730471241393 
19.0 5.0 16.47732194690188 
19.0 5.0 21.813246368804773 
19.0 5.0 18.217898544603763 
19.0 -8.0 15.160253142372238 
19.0 -14.0 0.549028666145035 
19.0 0.0 24.33124573498857 
19.0 -4.0 13.436271171549773 
19.0 1.0 9.691987163935156 
18.0 -3.0 4.019650861551094 
18.0 -16.0 7.583200811869806 
18.0 21.0 2.705496228927795 
18.0 1.0 5.717114903121545 
18.0 11.0 1.8586892556381462 
18.0 12.0 0.5651945208596798 
17.0 11.0 3.3121645773678265 
17.0 -10.0 18.35647673800389 
17.0 -3.0 5.62567532031466 
17.0 0.0 28.576697201270097 
17.0 7.0 6.0713089413351184 
17.0 -20.0 1.4205107819483809 
17.0 4.0 30.072871673662128 
17.0 -4.0 1.6410878724381073 
16.0 4.0 14.06687788395855 
16.0 -2.0 14.940162033138972 
16.0 3.0 4.098748112647432 
16.0 5.0 1.0550581023812677 
16.0 0.0 3.4613372594763936 
16.0 3.0 30.117566914038107 
16.0 -12.0 8.641102648477506 
16.0 3.0 7.680633588574515 
16.0 11.0 5.356670292685828 
16.0 2.0 33.08682336013702 
16.0 -11.0 9.652089329840074 
16.0 -13.0 7.727045556936263 
16.0 -10.0 14.433163863189158 
16.0 10.0 1.860601898272085 
16.0 2.0 26.067494595621522 
15.0 -8.0 24.364558958361094 
15.0 -5.0 14.209365197132229 
15.0 11.0 10.202412992491471 
15.0 -10.0 1.7782920707551941 
15.0 6.0 26.08353044661238 
15.0 10.0 6.684326005182761 
15.0 -7.0 16.364670845200436 
15.0 -24.0 1.9346802180192357 
15.0 2.0 6.04567737953976 
15.0 -8.0 31.866322212287578 
15.0 -21.0 4.7492915013355175 
15.0 -8.0 28.36618891902587 
15.0 -4.0 9.471463362846876 
14.0 2.0 30.160822136819366 
14.0 5.0 25.4803686196724 
14.0 2.0 38.052684599033995 
14.0 -1.0 8.229501446310516 
14.0 7.0 33.919826817670916 
14.0 15.0 2.142063553542073 
14.0 -8.0 21.593050538858627 
14.0 -7.0 12.511855506293523 
14.0 -17.0 0.48787568660146885 
14.0 6.0 20.806699730973598 
14.0 -12.0 13.815559250187736 
14.0 19.0 1.127993554219775 
14.0 -18.0 0.96592465147749 
14.0 5.0 21.99723869102044 
14.0 2.0 24.966909723698084 
14.0 -10.0 30.818043129846927 
13.0 2.0 30.65993467808015 
13.0 -17.0 9.705250020895061 
13.0 -7.0 6.878682566675232 
13.0 2.0 31.28933202132833 
13.0 -11.0 12.957431852066215 
13.0 20.0 4.127986690478425 
13.0 10.0 13.62192207942503 
13.0 -9.0 26.653867289011313 
13.0 14.0 5.0255959034658515 
13.0 8.0 5.994584157305027 
13.0 9.0 1.962719352366915 
13.0 -15.0 16.021302514078073 
13.0 6.0 32.837179242088176 
13.0 0.0 1.824059087421448 
13.0 -15.0 8.420370714257608 
12.0 -7.0 13.977135771233385 
12.0 -9.0 23.569975116872865 
12.0 -7.0 13.158878109235662 
12.0 15.0 15.08275834302253 
12.0 2.0 29.897790254553414 
12.0 -7.0 36.024421476015476 
12.0 3.0 4.122791786225877 
12.0 12.0 4.602776000045661 
12.0 15.0 5.6598578668574095 
12.0 -14.0 2.925198296622744 
12.0 6.0 17.91371585652812 
12.0 8.0 6.2093945254475535 
12.0 -5.0 43.69861806312725 
12.0 -2.0 25.977395667399428 
12.0 9.0 14.481788281236474 
12.0 -18.0 1.9076113768179415 
12.0 5.0 43.27510977626592 
12.0 8.0 29.500540423766818 
12.0 -4.0 43.60192415438324 
12.0 2.0 27.080077637305912 
12.0 -1.0 29.531559162743747 
11.0 7.0 7.015884024208274 
11.0 -6.0 22.10623176713822 
11.0 10.0 11.99070160148452 
11.0 7.0 24.42555550387859 
11.0 -8.0 6.730289152960589 
11.0 -11.0 14.71020918624677 
11.0 11.0 13.906873832387646 
11.0 -15.0 18.472997723908648 
11.0 14.0 23.695510740867732 
11.0 22.0 3.213557692496094 
11.0 11.0 12.929853676180937 
11.0 17.0 19.846473511915374 
11.0 15.0 24.277879276935586 
11.0 1.0 42.416251300079196 
11.0 2.0 28.676502499158318 
11.0 -17.0 0.5257271906029537 
11.0 1.0 40.480195749656446 
11.0 -10.0 31.43400580792011 
11.0 -22.0 6.319335285356775 
11.0 -8.0 4.094144723521986 
11.0 8.0 42.7830484661379 
11.0 19.0 3.9655077604097144 
10.0 4.0 44.49463606285142 
10.0 -5.0 19.88743128926518 
10.0 17.0 3.622323412723838 
10.0 9.0 39.67376844948478 
10.0 12.0 14.140110914932169 
10.0 -1.0 9.150150589046667 
10.0 4.0 7.395081675947379 
10.0 -5.0 25.805524121282673 
10.0 12.0 10.613831494104886 
10.0 -14.0 26.453888238196054 
10.0 13.0 17.04592616466327 
10.0 16.0 5.326428627526192 
9.0 -12.0 8.746892566657616 
9.0 6.0 14.105300054436555 
9.0 6.0 39.77671088510037 
9.0 -11.0 5.452803101052117 
9.0 -13.0 30.798978874044145 
9.0 10.0 24.933968736613355 
9.0 -5.0 41.43973695797143 
9.0 28.0 0.995260739952375 
9.0 2.0 40.76405637422154 
9.0 4.0 16.628367391541943 
9.0 18.0 20.149397594274365 
9.0 -3.0 7.656621787023421 
9.0 1.0 20.509363238532252 
9.0 11.0 7.330410507728646 
9.0 -7.0 4.355862590033177 
9.0 15.0 25.254106013093526 
9.0 -19.0 8.972127579953582 
9.0 13.0 20.067112805986387 
9.0 -4.0 13.803280601473622 
9.0 -11.0 43.129552950764484 
8.0 -5.0 42.02312376741612 
8.0 3.0 29.54903864718983 
8.0 -19.0 17.50392229586395 
8.0 2.0 16.817445205358993 
8.0 -11.0 33.42353943330967 
8.0 -2.0 34.98599041588524 
8.0 18.0 13.39852123768759 
8.0 9.0 39.1296082962429 
8.0 -13.0 1.3774511363141562 
8.0 21.0 0.021178194474669176 
8.0 14.0 35.22332477766965 
8.0 9.0 0.6522147896455 
8.0 -5.0 4.750693103048431 
8.0 12.0 5.233280947070318 
8.0 16.0 22.233594039869132 
8.0 -8.0 25.513701700024647 
8.0 -18.0 15.418519391903086 
8.0 -9.0 39.57308122470582 
8.0 5.0 39.070493578502116 
7.0 -19.0 12.868038116671809 
7.0 2.0 4.415114546033827 
7.0 13.0 32.725476633441055 
7.0 2.0 15.905662170651702 
7.0 9.0 2.8789310574482974 
7.0 5.0 17.302235755017882 
7.0 13.0 17.839947781139177 
7.0 -9.0 0.4354243331481378 
7.0 19.0 15.080814854616097 
7.0 -3.0 31.24764131359159 
7.0 19.0 11.190921489823257 
7.0 -12.0 14.75303224185398 
7.0 -10.0 20.51657001392826 
7.0 -1.0 30.315632092542288 
7.0 -5.0 7.1080282728310795 
7.0 23.0 0.8510232620685398 
7.0 -15.0 4.407178332729633 
6.0 -12.0 17.442106708964957 
6.0 11.0 14.788489359611635 
6.0 -16.0 27.341738890434453 
6.0 -8.0 17.222208315443744 
6.0 -4.0 11.235981333426736 
6.0 -7.0 5.1590017854239445 
6.0 13.0 37.32725931829006 
6.0 5.0 0.09853531743531097 
6.0 -24.0 4.187199485795157 
6.0 7.0 35.693759538586555 
6.0 1.0 4.046170051273168 
6.0 11.0 11.746148859909212 
6.0 0.0 6.185032307960858 
6.0 11.0 19.363369954845556 
6.0 -17.0 22.52699825660265 
6.0 -14.0 3.239438716786114 
6.0 15.0 13.581035365217154 
6.0 -22.0 5.255813928708886 
6.0 -6.0 37.21633788894052 
6.0 12.0 29.016979168855038 
6.0 25.0 0.07869240498670216 
6.0 14.0 19.474210291286155 
6.0 11.0 24.097614342171614 
6.0 -2.0 24.47005218946485 
5.0 26.0 3.82661716178212 
5.0 -5.0 23.60018919052287 
5.0 -13.0 41.869142108675874 
5.0 -18.0 22.251324483346878 
5.0 13.0 44.11765983322069 
5.0 -18.0 19.5723056902628 
5.0 14.0 35.3120765892464 
5.0 -3.0 0.9830896199437555 
5.0 -13.0 19.12432245794338 
5.0 -4.0 16.375088763349034 
5.0 -12.0 1.0128044003006043 
5.0 14.0 6.645952333108829 
5.0 -13.0 26.95034716648226 
5.0 5.0 3.5473373076413406 
5.0 11.0 27.980061355139753 
5.0 14.0 26.49161469251393 
5.0 -20.0 0.8522474773133837 
5.0 15.0 29.47601914317033 
5.0 -13.0 4.853060468446246 
5.0 -2.0 20.894502477164067 
5.0 10.0 32.06155092955865 
5.0 -10.0 21.201310937976725 
5.0 1.0 19.201411834980476 
4.0 -19.0 14.894247605136911 
4.0 15.0 18.816284084374637 
4.0 11.0 28.26250131536956 
4.0 19.0 10.378597447743054 
4.0 19.0 7.9595359038556746 
4.0 -11.0 32.70623382341253 
4.0 12.0 2.8555250840810453 
4.0 4.0 0.4220101807950183 
4.0 14.0 34.77235803351009 
4.0 -11.0 16.448638534727 
4.0 -15.0 7.648202114666436 
4.0 4.0 10.667702007730927 
4.0 8.0 16.548953814238043 
4.0 8.0 7.755265762729779 
4.0 7.0 8.645335922311205 
4.0 -19.0 15.127713525012965 
4.0 8.0 19.121505079595423 
4.0 -22.0 0.7148712949504032 
4.0 -18.0 5.506702562847354 
4.0 12.0 22.3814840905735 
4.0 -20.0 16.37958260221928 
4.0 -12.0 2.7687066924220183 
3.0 -14.0 39.01269998687451 
3.0 16.0 20.94604793215604 
3.0 6.0 1.2529635250591031 
3.0 -24.0 1.813095874006132 
3.0 14.0 40.14585346774035 
3.0 -8.0 31.712426162236905 
3.0 -10.0 31.406010896014138 
3.0 -10.0 44.14787243408325 
3.0 21.0 13.478130193653627 
3.0 21.0 9.609652577799777 
3.0 -20.0 5.775030532029657 
3.0 -9.0 19.309198751404686 
3.0 24.0 2.5300042417596424 
3.0 17.0 17.49041571496146 
2.0 -10.0 0.660394800516606 
2.0 -10.0 35.431268345157754 
2.0 -15.0 26.43260510963996 
2.0 -14.0 1.596907708576678 
2.0 14.0 25.37078437223561 
2.0 -8.0 6.72510911562807 
2.0 19.0 20.426599548431067 
2.0 -13.0 34.9597222846294 
2.0 -10.0 29.050330211350506 
2.0 1.0 1.0665384310855064 
2.0 10.0 20.08620924289517 
2.0 -10.0 12.21501261510416 
2.0 -7.0 2.8310796433512753 
2.0 14.0 0.2562272972836954 
2.0 8.0 35.69785915705226 
1.0 -18.0 22.78231517754026 
1.0 20.0 4.456041474395822 
1.0 -16.0 4.638301326079897 
1.0 8.0 10.644001444021889 
1.0 -16.0 19.744489037191837 
1.0 -6.0 7.341063397439562 
1.0 -28.0 2.059400388722654 
1.0 17.0 18.38870627593736 
1.0 -14.0 33.182218741499184 
1.0 9.0 28.836764541525284 
1.0 -11.0 44.2963698531037 
1.0 17.0 7.458066105509253 
1.0 -10.0 27.16146802385355 
1.0 -10.0 12.9261663178446 
1.0 20.0 18.577112715295275 
0.0 17.0 19.49927528990869 
0.0 -6.0 19.904938817691953 
0.0 5.0 0.2974141350505777 
0.0 -6.0 10.348800409624825 
0.0 32.0 0.09485299278666481 
0.0 28.0 1.335215043101745 
0.0 -5.0 14.59821622701507 
0.0 10.0 28.420325058935546 
0.0 -8.0 9.21009045855936 
0.0 10.0 0.7966052176495708 
0.0 14.0 12.678868017583111 
0.0 8.0 22.711887870088265 
0.0 -19.0 18.16794198736382 
-1.0 -11.0 42.367036352422225 
-1.0 -8.0 34.948766940170685 
-1.0 -12.0 26.25995028501249 
-1.0 11.0 45.51516123272714 
-1.0 7.0 27.97251643843479 
-1.0 21.0 5.220298378177612 
-1.0 -11.0 21.038107492802993 
-1.0 -13.0 3.442117820659951 
-1.0 -9.0 38.15568933974656 
-1.0 16.0 32.17791063636677 
-1.0 -13.0 11.578179977234315 
-2.0 -13.0 41.88304404624987 
-2.0 -22.0 3.297132138345482 
-2.0 -10.0 39.74547823467145 
-2.0 -9.0 7.073534663398329 
-2.0 16.0 34.814012443172395 
-2.0 9.0 14.191000227992024 
-2.0 -14.0 29.083805863975854 
-2.0 -6.0 6.923036486734535 
-2.0 9.0 32.13662377201998 
-2.0 -14.0 13.986410662221726 
-2.0 -10.0 7.990523683317763 
-2.0 -11.0 43.85382111179914 
-2.0 10.0 13.2159877198349 
-2.0 12.0 44.28155415634561 
-2.0 -7.0 17.934041835965807 
-2.0 12.0 14.898621388584221 
-2.0 10.0 18.94624541715362 
-2.0 33.0 0.3714931098347529 
-2.0 -20.0 18.42790515850745 
-2.0 -19.0 15.689986090364428 
-2.0 7.0 19.073607299017638 
-3.0 -27.0 1.7598716715861995 
-3.0 12.0 29.569898234762192 
-3.0 15.0 20.87059700996141 
-3.0 7.0 27.85221792700876 
-3.0 -14.0 40.645026643554736 
-3.0 -23.0 7.202623847273992 
-3.0 10.0 26.261412721769073 
-3.0 -11.0 38.43058748336436 
-3.0 -11.0 26.925434223397883 
-3.0 21.0 5.603281099186508 
-3.0 11.0 23.887228080660904 
-3.0 -28.0 1.7791683617881526 
-3.0 16.0 21.276760011003315 
-3.0 24.0 7.6821642343115615 
-3.0 -7.0 1.6782987558472406 
-3.0 -13.0 15.53275283861144 
-3.0 16.0 31.78359298246225 
-3.0 10.0 9.213006014310299 
-3.0 8.0 26.28904053698955 
-3.0 -13.0 13.540455612818803 
-4.0 -11.0 29.36955006039621 
-4.0 24.0 5.147875167779259 
-4.0 22.0 5.954620880763262 
-4.0 -18.0 3.507857338480025 
-4.0 -5.0 12.888990475838359 
-4.0 4.0 1.8908690398687922 
-4.0 -1.0 4.313279246222823 
-4.0 -21.0 6.43814488448935 
-4.0 -14.0 22.72431667525121 
-4.0 -4.0 13.989005361267793 
-4.0 -7.0 16.031746909595856 
-4.0 -1.0 1.3507362838686143 
-4.0 -10.0 3.1179090429915846 
-4.0 9.0 11.516196983286209 
-4.0 -5.0 26.03677183264552 
-4.0 -17.0 16.2619390476888 
-4.0 -10.0 40.5320467359348 
-4.0 -13.0 23.27453474329588 
-4.0 10.0 6.36985362119602 
-4.0 14.0 1.5392329813163075 
-4.0 14.0 23.307069795914124 
-5.0 16.0 4.803325909460088 
-5.0 8.0 20.644216694383765 
-5.0 14.0 34.24759159364932 
-5.0 -8.0 32.237024442372196 
-5.0 23.0 2.6049388628027748 
-5.0 -17.0 26.246291077185568 
-5.0 9.0 38.77961696344345 
-5.0 -13.0 6.624739213673347 
-5.0 15.0 14.151264107340689 
-5.0 4.0 17.78939458708395 
-5.0 12.0 4.209902255816078 
-5.0 -21.0 7.264052842834934 
-5.0 10.0 40.3498841015848 
-5.0 -13.0 12.111725909482507 
-5.0 12.0 9.4936820132715 
-5.0 16.0 29.164148710683513 
-6.0 -14.0 32.53480495234229 
-6.0 -25.0 4.347098289120055 
-6.0 3.0 27.306731292036645 
-6.0 9.0 29.629784644352508 
-6.0 9.0 17.0673448487203 
-6.0 -11.0 4.155767819045475 
-6.0 -15.0 32.95047845283416 
-6.0 -1.0 21.682030561897324 
-6.0 11.0 16.879377192309253 
-6.0 12.0 8.5870523933127 
-6.0 9.0 2.7171572903108565 
-6.0 20.0 16.45930665738704 
-6.0 -8.0 7.642350077071924 
-6.0 12.0 39.38115444904356 
-6.0 -11.0 19.673340691809592 
-6.0 5.0 29.74626105207512 
-6.0 10.0 46.49763337172364 
-6.0 1.0 22.261183944837892 
-7.0 -13.0 41.768640807355204 
-7.0 -8.0 31.04899076205814 
-7.0 9.0 39.92080948039678 
-7.0 -19.0 6.63840603315613 
-7.0 7.0 32.90701552237763 
-7.0 12.0 24.786995632923414 
-7.0 9.0 44.858045844574534 
-7.0 0.0 4.739142273787134 
-7.0 -9.0 27.029281704195828 
-7.0 -21.0 2.71938174524744 
-7.0 -14.0 37.33555320991711 
-7.0 -13.0 27.88008420481458 
-7.0 -15.0 7.133090681428533 
-7.0 3.0 15.519658006127424 
-7.0 17.0 0.5573732466425119 
-8.0 -1.0 22.663639031249573 
-8.0 -11.0 23.031577805932567 
-8.0 19.0 14.904061377884803 
-8.0 16.0 13.464774546441237 
-8.0 17.0 7.166199021992559 
-8.0 -6.0 15.733954906609892 
-8.0 9.0 30.49606099515001 
-8.0 -16.0 0.6365663353856688 
-8.0 3.0 3.445271569184949 
-8.0 -13.0 37.92169414326219 
-8.0 -1.0 30.127173879052506 
-8.0 20.0 4.593026237504461 
-8.0 9.0 11.247161587544575 
-8.0 -1.0 21.199169730852674 
-8.0 -3.0 11.236385777321555 
-8.0 17.0 13.266624952898653 
-8.0 11.0 20.06390551666715 
-8.0 -3.0 18.539105027000737 
-8.0 -12.0 16.70053684326045 
-8.0 17.0 25.458955924349212 
-8.0 2.0 35.099836168873246 
-8.0 8.0 27.818186102182896 
-8.0 -20.0 6.112701621517003 
-8.0 7.0 38.48655924663269 
-8.0 4.0 38.50910584792866 
-9.0 -13.0 37.252637854281566 
-9.0 25.0 1.7124027055094304 
-9.0 21.0 2.6799237202377313 
-9.0 3.0 14.815624521882453 
-9.0 14.0 2.8215573389638315 
-9.0 5.0 38.04720579179821 
-9.0 -20.0 11.95286117460348 
-9.0 -19.0 12.342885092908373 
-9.0 3.0 34.5106631028993 
-9.0 1.0 40.01705744279083 
-9.0 -3.0 10.604961541814673 
-9.0 24.0 0.9567555889266055 
-9.0 7.0 5.0866650388150525 
-9.0 4.0 42.02064783584436 
-9.0 -3.0 37.420098148980955 
-9.0 -18.0 8.95371283496782 
-9.0 -4.0 37.267092937398274 
-9.0 -2.0 20.293623268039852 
-9.0 -19.0 6.327969322261873 
-9.0 13.0 27.01773736610935 
-9.0 -17.0 8.427301418484689 
-10.0 2.0 40.10927104403306 
-10.0 -8.0 2.703859011525811 
-10.0 -6.0 46.692815335836244 
-10.0 -7.0 2.144579378107969 
-10.0 9.0 29.84034095798993 
-10.0 11.0 12.146028624607563 
-10.0 -8.0 33.83682716557723 
-10.0 -2.0 32.55253161561367 
-10.0 -4.0 14.932148617850416 
-10.0 -5.0 23.691818572909582 
-10.0 10.0 42.00401693449174 
-10.0 7.0 0.7277993268572924 
-10.0 16.0 14.74549088448207 
-10.0 -15.0 17.727833505564284 
-10.0 -6.0 33.37495742999674 
-10.0 6.0 44.0859699794226 
-10.0 10.0 13.992268963158306 
-11.0 14.0 18.73926540993609 
-11.0 -1.0 20.454452814110958 
-11.0 10.0 4.604787882659944 
-11.0 8.0 18.313606674351448 
-11.0 1.0 22.41050998591887 
-11.0 -19.0 12.335470971293727 
-11.0 0.0 17.316755783527206 
-11.0 15.0 4.590613455551229 
-11.0 -20.0 2.310182399174354 
-11.0 -5.0 1.94777917075184 
-11.0 1.0 14.931952660640512 
-11.0 8.0 19.547556966621137 
-11.0 2.0 4.377561958131548 
-11.0 -9.0 14.469560937097059 
-11.0 8.0 4.456594390094826 
-11.0 -4.0 32.52750699558582 
-11.0 0.0 10.930236704173701 
-11.0 5.0 24.10889696163865 
-11.0 12.0 17.841265330050703 
-12.0 7.0 14.4139247980124 
-12.0 -12.0 30.190116579604908 
-12.0 3.0 11.216543634774755 
-12.0 8.0 18.226851987578673 
-12.0 -8.0 28.514140338664507 
-12.0 -12.0 25.069256332933666 
-12.0 -6.0 31.0188870513215 
-12.0 -21.0 6.952068058556082 
-12.0 -7.0 34.173459098408074 
-12.0 2.0 23.302413848606207 
-12.0 11.0 21.050219626559397 
-12.0 20.0 7.657376114275527 
-12.0 19.0 8.479953910861093 
-12.0 -3.0 34.544999410684454 
-12.0 -14.0 6.644254926444493 
-12.0 -4.0 12.393649216687175 
-12.0 2.0 30.35410614166578 
-12.0 -1.0 11.239371591315383 
-12.0 -16.0 5.309329426579801 
-12.0 -12.0 16.96324307155006 
-12.0 -4.0 41.70306334674279 
-12.0 15.0 7.986566844412679 
-12.0 10.0 12.808266977728188 
-13.0 -1.0 28.1664802041266 
-13.0 4.0 36.718914616102104 
-13.0 -3.0 22.061170376681318 
-13.0 -4.0 24.994046028033125 
-13.0 14.0 24.614469990343558 
-13.0 -11.0 18.745918899653713 
-13.0 -21.0 4.825635775213444 
-13.0 1.0 22.307768390190553 
-13.0 -6.0 0.4938649797178174 
-13.0 -6.0 26.516889162870207 
-13.0 -9.0 35.60791202805203 
-13.0 -8.0 25.04319161620028 
-13.0 -7.0 10.957901158090921 
-13.0 9.0 37.829138670060104 
-14.0 6.0 24.77822330606516 
-14.0 12.0 24.561584097133714 
-14.0 10.0 5.434448088885269 
-14.0 -1.0 13.829580160856668 
-14.0 18.0 1.2575275434426603 
-14.0 -14.0 18.224141801926997 
-14.0 -12.0 0.4728993281273297 
-14.0 -2.0 21.412767348119143 
-14.0 21.0 0.5953660007640416 
-14.0 -7.0 17.184084960248256 
-14.0 3.0 37.161744462764545 
-14.0 -9.0 27.605653990935398 
-15.0 13.0 14.224318612704344 
-15.0 14.0 8.604869255628644 
-15.0 -15.0 5.737918490756999 
-15.0 8.0 5.112336033437193 
-15.0 11.0 2.5124894147137145 
-15.0 -5.0 32.04379129000401 
-15.0 -21.0 0.5228301958155601 
-15.0 -15.0 8.214373164402545 
-15.0 -2.0 30.97118753392991 
-15.0 -3.0 22.530128890445923 
-15.0 8.0 18.80711357175391 
-15.0 -6.0 15.12148635299737 
-15.0 14.0 7.2204940268600915 
-15.0 1.0 4.393947351638783 
-15.0 -7.0 15.658974247522938 
-15.0 1.0 12.28510116445991 
-16.0 14.0 10.581714244909278 
-16.0 -5.0 10.480566558627501 
-16.0 5.0 7.172651669135166 
-16.0 -6.0 4.429332092741767 
-16.0 12.0 15.148704359059462 
-16.0 -4.0 6.517412919404109 
-16.0 -15.0 2.8287688600489025 
-16.0 -10.0 21.80209926018739 
-16.0 5.0 1.8961292959800424 
-17.0 -3.0 13.705515123436985 
-17.0 12.0 10.59691140549701 
-17.0 -25.0 0.764942886533504 
-17.0 9.0 15.709934136923454 
-17.0 4.0 3.853204916938746 
-17.0 -3.0 21.968677933605683 
-17.0 10.0 7.570329862629621 
-17.0 0.0 20.687785081350498 
-17.0 -6.0 5.180786188644149 
-17.0 8.0 1.2540648644782104 
-17.0 6.0 0.34777305270372594 
-17.0 0.0 28.474142153900317 
-18.0 9.0 3.246227938435986 
-18.0 -15.0 7.14730387956608 
-18.0 14.0 11.33881140679238 
-18.0 -16.0 4.499789057322956 
-18.0 5.0 8.740087899564596 
-18.0 -10.0 1.5787572072163414 
-18.0 7.0 14.271207647145069 
-18.0 7.0 15.895056349659376 
-18.0 -11.0 9.849850159570405 
-18.0 8.0 13.901632873205116 
-19.0 -15.0 8.08905636429369 
-19.0 -21.0 0.36008466542014617 
-19.0 5.0 8.293244942419676 
-19.0 5.0 18.528718084264927 
-19.0 -4.0 11.744749546611754 
-19.0 -3.0 21.39184099519198 
-19.0 -14.0 8.654914848094108 
-19.0 -5.0 14.252843425202277 
-19.0 8.0 0.6427089362393001 
-19.0 -15.0 0.2711745311489988 
-19.0 -1.0 1.780265479600751 
-20.0 5.0 4.673412287049872 
-20.0 -9.0 13.146646639887738 
-20.0 2.0 8.068498317740925 
-20.0 -12.0 3.9973034266787 
-20.0 8.0 10.085289203058734 
-20.0 -6.0 16.2188741613829 
-20.0 6.0 9.498515056580725 
-21.0 -5.0 14.967916208335819 
-21.0 3.0 12.967002687688801 
-21.0 15.0 4.514237971088075 
-21.0 -10.0 5.909888539344044 
-22.0 -5.0 8.229054916435219 
-22.0 5.0 4.194366759501356 
-22.0 6.0 4.116965631303926 
-22.0 6.0 7.4574592181392285 
-23.0 7.0 5.391637298089114 
-23.0 -7.0 2.2212029440125125 
-23.0 -7.0 3.025167497622494 
-23.0 -9.0 6.8241502755772565 
-23.0 -7.0 8.16382462358245 
-24.0 3.0 6.3063845645721095 
-24.0 -7.0 2.927564064480692 
-24.0 5.0 4.6064108130055015 
-24.0 3.0 5.218559001152423 
-24.0 3.0 4.537872083777761 
-25.0 10.0 0.5245439016567932 
-25.0 -14.0 0.15972932009666874 
-26.0 1.0 0.35192983089160634 
-27.0 10.0 0.0690459143817268 
