48.0 -6.0 0.023628981286827333 
43.0 10.0 0.870836741146408 
43.0 -30.0 0.14996163194869183 
42.0 9.0 1.1957343728861147 
41.0 -14.0 1.2978660448828006 
40.0 7.0 1.821928246127369 
39.0 -15.0 0.9030178507309916 
38.0 -18.0 1.3637375891399905 
38.0 7.0 0.22352396169600386 
38.0 19.0 1.164885114900427 
37.0 7.0 3.1949622267296585 
37.0 35.0 0.19973016510566044 
37.0 -16.0 1.1789453478042722 
36.0 1.0 1.7603386605781202 
36.0 -29.0 0.4821958237991586 
35.0 0.0 5.152039125207564 
35.0 15.0 3.2747916778762542 
35.0 -18.0 2.385907155385669 
35.0 -4.0 0.9651717325588338 
34.0 -25.0 0.44915337685680345 
33.0 12.0 2.637200748988544 
33.0 -19.0 2.943460762350747 
33.0 6.0 4.592296808959562 
33.0 -7.0 5.1142711203756575 
33.0 -40.0 0.010364426537567972 
32.0 -17.0 0.20068734762268559 
32.0 -7.0 0.9790770930320214 
32.0 4.0 6.809404810894093 
32.0 8.0 5.328550396011544 
32.0 -23.0 2.352582037833173 
32.0 25.0 1.193858100099865 
31.0 -19.0 4.223175735552531 
31.0 -4.0 5.102770051716998 
31.0 5.0 8.183436301069658 
31.0 -1.0 6.102289705417152 
31.0 1.0 7.056660237223844 
31.0 14.0 5.127578434487856 
31.0 -2.0 9.208994330913601 
30.0 -3.0 5.320638681968859 
30.0 5.0 6.275989479615829 
30.0 -13.0 3.425765165702921 
30.0 -6.0 4.0897053887639645 
30.0 -10.0 4.257742445910595 
29.0 -14.0 3.1186949498093197 
29.0 -15.0 2.5541649478681983 
29.0 33.0 0.5455839560877251 
28.0 14.0 0.61398139452018 
28.0 20.0 4.4241606516796095 
28.0 6.0 4.3025837413807055 
28.0 -3.0 7.549480971560496 
28.0 12.0 6.88817918318696 
28.0 18.0 0.6956242376164878 
27.0 6.0 11.763956611425375 
27.0 0.0 6.398755463095096 
27.0 0.0 1.2205422477021832 
27.0 -21.0 1.1694190966780038 
27.0 -13.0 2.901957267971045 
27.0 -15.0 7.065513143142965 
27.0 -23.0 0.8911215936238115 
26.0 -1.0 5.7027842178543064 
26.0 3.0 3.2321762144611466 
26.0 -5.0 9.67662830650806 
26.0 3.0 1.0888308894224652 
26.0 -22.0 5.62914449239893 
26.0 10.0 11.95763354763113 
26.0 23.0 4.5300936446558415 
26.0 -7.0 6.22886039574011 
26.0 2.0 5.556742219634758 
26.0 -16.0 2.946870381388078 
25.0 12.0 4.488686545701559 
25.0 -4.0 12.484697657228594 
25.0 19.0 0.6855432332764089 
25.0 -22.0 5.004555678126299 
25.0 7.0 8.518440687749539 
25.0 -14.0 3.6255808856571203 
25.0 4.0 7.8626632670812935 
25.0 36.0 0.26969850113733873 
24.0 -14.0 5.42057890740455 
24.0 37.0 0.2556519375803701 
24.0 15.0 8.038574798726161 
24.0 30.0 0.8850108124057732 
24.0 -8.0 4.114344386584201 
24.0 -8.0 3.7772971413286838 
24.0 -8.0 7.389035060454741 
24.0 -5.0 5.653439564238805 
23.0 -15.0 1.3989997167965784 
23.0 6.0 12.720277361733533 
23.0 -3.0 2.140743238330467 
23.0 -2.0 1.0006681681483665 
23.0 -1.0 1.1970827926458538 
23.0 -8.0 8.232105262645838 
23.0 23.0 2.2420397717685114 
22.0 19.0 2.3249419545009475 
22.0 25.0 1.3691815051760647 
22.0 11.0 3.927982676511621 
22.0 8.0 14.90823365320404 
22.0 -5.0 11.96480910358655 
22.0 2.0 10.597269337889848 
22.0 -16.0 7.830576437644732 
22.0 17.0 11.147829213825066 
22.0 3.0 10.080974381653341 
21.0 10.0 9.095664199633035 
21.0 -18.0 4.664350414579577 
21.0 17.0 9.188502029976009 
21.0 -10.0 16.331757648192834 
21.0 -30.0 4.0962192513078755 
20.0 -14.0 4.366876769464123 
20.0 6.0 6.5615702158621225 
20.0 -14.0 1.0070891766469359 
20.0 14.0 4.356647370419409 
20.0 13.0 4.978263108294967 
20.0 14.0 6.697940232438415 
20.0 12.0 11.711821147834755 
20.0 -7.0 0.8910915653808082 
19.0 -4.0 11.164508575796095 
19.0 11.0 9.729934078081204 
19.0 -25.0 7.38545245086375 
19.0 3.0 6.35887501975152 
19.0 -16.0 11.26474886478146 
19.0 -20.0 5.784673773051807 
19.0 -14.0 0.8183794202509809 
19.0 -3.0 9.411483799442454 
19.0 -25.0 3.3674203201761177 
19.0 -6.0 9.65788339746787 
19.0 6.0 15.376558188750945 
19.0 5.0 16.024961101486657 
19.0 -6.0 1.7263276319933185 
18.0 -13.0 6.041083941576542 
18.0 -4.0 14.744722554659973 
18.0 -8.0 14.428243068711598 
18.0 25.0 1.8655341578324158 
18.0 4.0 5.777547304477548 
18.0 4.0 4.5721166494141485 
18.0 -16.0 5.3946204214592175 
18.0 -35.0 1.9742610583982634 
18.0 -19.0 11.476894944372873 
18.0 -12.0 16.017194580243977 
18.0 16.0 11.0071008915551 
18.0 -40.0 1.1565505640686036 
18.0 17.0 5.227358323990572 
17.0 -5.0 10.543197878455368 
17.0 -3.0 7.792128202725124 
17.0 6.0 3.290994104843459 
17.0 -4.0 5.46697584401834 
17.0 1.0 14.63998890776541 
17.0 31.0 4.947675313466848 
17.0 2.0 12.156092965373787 
17.0 -19.0 12.825217116966826 
16.0 20.0 4.2222376917169235 
16.0 -18.0 8.934140584145322 
16.0 18.0 0.796858326852945 
16.0 -18.0 10.703138954319403 
16.0 12.0 11.49380951911727 
16.0 -19.0 9.341602431547136 
16.0 8.0 14.479615944573588 
16.0 -4.0 3.779852456158417 
16.0 24.0 7.9024414344760485 
16.0 1.0 9.512587515311477 
16.0 7.0 16.501534178162135 
16.0 5.0 16.13696905117523 
16.0 19.0 5.759088804717649 
16.0 -1.0 0.293082860601257 
16.0 29.0 4.71509198482134 
16.0 -19.0 11.330218331897623 
16.0 9.0 1.1877104753230672 
16.0 -11.0 5.642104729777775 
16.0 -3.0 16.49922503767487 
16.0 21.0 0.9437042829418818 
16.0 21.0 8.06350893917973 
16.0 -20.0 5.143857015679321 
16.0 11.0 3.1557135426085736 
16.0 16.0 11.9456040773257 
15.0 -12.0 9.005051867427284 
15.0 -11.0 3.327458935931338 
15.0 15.0 15.0382260387113 
15.0 -7.0 11.379208809599195 
15.0 -12.0 6.44772582153863 
15.0 -22.0 9.38578412707447 
15.0 -36.0 2.516176659767555 
15.0 -16.0 1.860150182557918 
15.0 18.0 6.205288101555628 
15.0 7.0 8.283401801796986 
15.0 29.0 1.208372176510819 
15.0 -25.0 9.198646998006543 
15.0 19.0 8.370395851764023 
15.0 -25.0 6.573187249588663 
15.0 -6.0 1.9375407712403092 
15.0 -27.0 5.2516812503099475 
15.0 7.0 9.808474697739932 
14.0 9.0 10.61347089895004 
14.0 10.0 2.9004539054039435 
14.0 31.0 1.0228018189759602 
14.0 18.0 5.237096888361492 
14.0 -14.0 12.297732938972295 
14.0 7.0 16.182687752020698 
14.0 -15.0 11.490672984210137 
14.0 -7.0 8.564444622060407 
13.0 -5.0 4.6982029247252255 
13.0 14.0 12.662462459023471 
13.0 11.0 6.955455993818527 
13.0 -18.0 1.111602445335591 
13.0 -2.0 1.4256848950002787 
13.0 -3.0 9.989619064187604 
13.0 6.0 13.191152059136456 
13.0 21.0 1.3687502929501383 
13.0 5.0 12.728462925517992 
13.0 -19.0 11.611587939288736 
13.0 -18.0 11.672330439310707 
12.0 7.0 5.368993536068123 
12.0 -16.0 4.407126975818243 
12.0 -19.0 12.088817209534252 
12.0 7.0 9.308275106263974 
12.0 -32.0 5.277124512508835 
12.0 -26.0 2.9482653447626683 
12.0 -15.0 10.573377700969 
12.0 46.0 0.10254044214819125 
12.0 -26.0 3.703989060863555 
12.0 -17.0 8.140070586265203 
12.0 -18.0 8.999877543628854 
12.0 -15.0 11.605597051288719 
12.0 -3.0 2.768228454137156 
12.0 15.0 0.5711614151457933 
12.0 5.0 5.637345903253377 
12.0 20.0 3.3554019499549836 
12.0 -7.0 8.249889779963882 
12.0 20.0 11.859413887570614 
11.0 -15.0 10.071370181690797 
11.0 -5.0 4.356633499205009 
11.0 -10.0 7.428289759626727 
11.0 18.0 5.984327821562441 
11.0 -8.0 8.780898395011949 
11.0 10.0 10.816415210819219 
11.0 -21.0 9.473950884631321 
11.0 -12.0 12.05457413886435 
11.0 -17.0 14.54402938905963 
11.0 15.0 13.596868673322216 
11.0 -24.0 2.215577024345605 
10.0 32.0 6.495225872008126 
10.0 -35.0 0.3983162244893812 
10.0 -11.0 11.546978536849162 
10.0 -5.0 2.5987696995499743 
10.0 -10.0 13.331910973202298 
10.0 38.0 0.6031516115033719 
10.0 21.0 9.237670679747234 
9.0 5.0 5.440663861816852 
9.0 -21.0 0.2610002918851384 
9.0 19.0 13.610659909505829 
9.0 -15.0 5.845781380495629 
9.0 27.0 10.703875035782184 
9.0 -34.0 5.309636500099524 
9.0 12.0 7.126797076831282 
9.0 23.0 4.516270859662441 
9.0 -33.0 4.160292310499636 
9.0 22.0 13.771914442007205 
9.0 27.0 7.434494745642839 
9.0 4.0 2.6084992053954092 
8.0 15.0 3.853213656608623 
8.0 -15.0 12.66169230337988 
8.0 17.0 0.08269304651120635 
8.0 16.0 3.806455897521155 
8.0 17.0 3.7102106863919904 
8.0 -13.0 10.404256801625378 
7.0 -1.0 0.5037559115153023 
7.0 30.0 1.7377929819898386 
7.0 27.0 2.7912543593138217 
7.0 10.0 5.125164667927007 
7.0 21.0 4.8905742778690975 
7.0 26.0 9.586961518631032 
7.0 22.0 12.303670706249603 
7.0 -24.0 11.279475701892693 
7.0 19.0 12.887823309026714 
6.0 -22.0 12.634602775282055 
6.0 -33.0 4.152383113326441 
6.0 -13.0 11.722135531293421 
6.0 -26.0 6.1846696759865205 
6.0 -17.0 14.741957716319476 
6.0 9.0 9.929173371183374 
6.0 27.0 1.1831020662909086 
6.0 -29.0 8.466618884282905 
6.0 26.0 10.708831901113157 
6.0 -10.0 3.1673896542088187 
6.0 -37.0 3.9271499599962123 
6.0 11.0 12.787227679364022 
5.0 23.0 7.001656543989543 
5.0 -14.0 14.3208005472093 
5.0 41.0 1.8664013126561407 
5.0 42.0 0.7605528395340233 
5.0 34.0 4.245558838547048 
5.0 24.0 2.787575530673436 
5.0 -23.0 15.409292939546848 
5.0 18.0 9.460177931589708 
5.0 15.0 15.394113636732154 
5.0 -12.0 7.492491373390808 
5.0 -15.0 1.0034693892710944 
5.0 -21.0 5.114785795654275 
5.0 27.0 6.638872199432266 
5.0 -25.0 12.081677886209729 
5.0 17.0 17.748024743168834 
5.0 -32.0 0.6212765091118122 
4.0 -28.0 0.7520219599094213 
4.0 19.0 14.09820514773008 
4.0 29.0 4.152305383789856 
4.0 29.0 4.968265865557431 
4.0 32.0 6.516354230441279 
4.0 26.0 2.1212480836589886 
4.0 -11.0 2.1521149724726962 
4.0 -22.0 16.48942230693473 
4.0 -43.0 1.4692598447277883 
4.0 19.0 6.415369967055828 
4.0 18.0 14.30168687399802 
3.0 9.0 8.325579476749724 
3.0 18.0 16.779018192690785 
3.0 -5.0 1.333189302756721 
3.0 15.0 8.861689472987266 
3.0 -23.0 10.046275655970828 
3.0 -32.0 7.2118677553140165 
3.0 32.0 3.9198264245448033 
3.0 27.0 4.606340213008431 
3.0 -13.0 7.868789403537635 
3.0 -9.0 8.027899122456827 
3.0 -36.0 2.4325214952116703 
3.0 24.0 3.572594421940911 
3.0 -22.0 3.5566583035537835 
3.0 29.0 10.171849871864369 
2.0 -29.0 4.217486558279471 
2.0 32.0 2.945511189074823 
2.0 17.0 9.151723254904208 
2.0 -18.0 4.655517482009319 
2.0 -9.0 0.35141510497449513 
2.0 -9.0 4.00251629468662 
2.0 35.0 5.07465147088082 
2.0 21.0 15.792773587182008 
2.0 -52.0 0.018299126301468682 
2.0 -22.0 11.418459790087265 
2.0 33.0 1.2126580833632383 
2.0 18.0 16.04099277355575 
2.0 -9.0 2.912852909877417 
2.0 -37.0 1.2647411116150087 
1.0 17.0 1.9353484454764924 
1.0 -13.0 4.662398656689493 
1.0 18.0 4.936507172843219 
1.0 37.0 3.3906870685371793 
1.0 23.0 14.67173683100409 
1.0 -24.0 12.46028239883168 
1.0 -8.0 2.506329408614616 
1.0 10.0 9.533458157716224 
0.0 12.0 2.77990536441286 
0.0 -24.0 15.156751181575778 
0.0 -13.0 10.710925977343466 
0.0 8.0 1.9511197379609158 
0.0 -10.0 8.579237490651925 
0.0 -29.0 5.169635790283622 
0.0 -21.0 9.051179334380377 
0.0 -35.0 1.8354832271649801 
0.0 -19.0 8.40827739782446 
0.0 19.0 6.55121933366809 
0.0 9.0 3.0033710809045377 
0.0 21.0 9.75308685999632 
0.0 24.0 6.853195738851903 
0.0 -10.0 3.095780638151635 
0.0 26.0 14.24678956851988 
-1.0 -39.0 1.6111252113315544 
-1.0 -15.0 5.182690795786926 
-1.0 23.0 11.045378759451552 
-1.0 -22.0 7.533470472040116 
-1.0 -30.0 9.206877590148267 
-1.0 24.0 3.6983831251595767 
-1.0 16.0 15.256538791303843 
-1.0 -17.0 6.625609441531122 
-1.0 12.0 10.06399628827559 
-2.0 33.0 1.38624411442545 
-2.0 -23.0 8.000104106622663 
-2.0 34.0 5.384081422100007 
-2.0 -27.0 12.281546481122119 
-2.0 -29.0 8.896200998197546 
-2.0 29.0 6.765365260259393 
-2.0 -29.0 0.7308360550808413 
-2.0 -24.0 15.127732070102763 
-2.0 39.0 0.32671173906495543 
-3.0 -18.0 0.3199932386834803 
-3.0 10.0 10.591209776480648 
-3.0 -2.0 1.5967983239594252 
-3.0 9.0 2.661459679886291 
-3.0 10.0 10.01253104416322 
-3.0 -19.0 13.466017105809748 
-3.0 -15.0 3.432899882218843 
-3.0 53.0 0.07178694424436749 
-3.0 25.0 9.715787382634122 
-3.0 20.0 17.437544826799822 
-4.0 -16.0 1.9095771420151175 
-4.0 16.0 11.924291607275261 
-4.0 30.0 1.0916564621072933 
-4.0 14.0 11.758130815272882 
-4.0 -14.0 11.83596376801166 
-4.0 5.0 3.3879550112225765 
-4.0 33.0 5.214785656930898 
-4.0 -13.0 10.113820621680203 
-4.0 -26.0 9.904642300847089 
-4.0 -16.0 11.069989349226317 
-4.0 -24.0 3.615652300226979 
-4.0 -23.0 14.545157365926208 
-4.0 -17.0 12.64981696090084 
-4.0 30.0 8.88384414276877 
-4.0 -16.0 11.91145286537032 
-4.0 9.0 4.490130453881247 
-5.0 10.0 9.291280977319127 
-5.0 20.0 7.84373820433526 
-5.0 24.0 11.271000136925501 
-5.0 -9.0 6.261067173653712 
-5.0 -45.0 0.6197197425410472 
-5.0 -25.0 10.817162142982228 
-5.0 -18.0 5.5131271905761725 
-5.0 16.0 3.480438826375498 
-5.0 -9.0 3.510892506341179 
-5.0 -6.0 3.8254038089758913 
-5.0 -17.0 1.68088368140773 
-5.0 -17.0 1.2789056392837894 
-5.0 4.0 2.289490535392402 
-5.0 -31.0 1.77839023424331 
-6.0 29.0 2.896535030515568 
-6.0 -15.0 0.4860575648251153 
-6.0 -37.0 1.2496273345826703 
-6.0 20.0 17.4893643259908 
-6.0 -4.0 3.3933460228428025 
-6.0 8.0 7.807767954175371 
-6.0 18.0 16.620242645959404 
-6.0 -27.0 1.0243313894412465 
-6.0 36.0 2.6926477667484905 
-6.0 -3.0 3.4023686289335053 
-6.0 -13.0 13.539029105451572 
-6.0 21.0 10.043538310539834 
-6.0 15.0 3.7852829122635434 
-6.0 23.0 10.055377227724648 
-6.0 -11.0 1.453107583569091 
-7.0 -9.0 5.923538316327526 
-7.0 22.0 3.675011784743498 
-7.0 0.0 1.3769337954474548 
-7.0 -28.0 8.662913481958135 
-7.0 8.0 6.459240334446892 
-7.0 28.0 8.025728792351305 
-7.0 10.0 2.634162160181752 
-7.0 10.0 10.421818626133117 
-7.0 -15.0 5.360301893443831 
-7.0 1.0 4.43504810886175 
-7.0 6.0 0.8985656087290295 
-7.0 38.0 0.3260557266719921 
-7.0 -40.0 0.41515362287947166 
-8.0 20.0 12.970328868566083 
-8.0 -6.0 0.12075071498407475 
-8.0 25.0 3.3294884367610633 
-8.0 -14.0 15.63268096902981 
-8.0 12.0 5.376046247441035 
-8.0 -1.0 5.151788841955995 
-8.0 -22.0 15.359013317365777 
-8.0 21.0 6.688754749219705 
-8.0 -18.0 5.258974363381852 
-8.0 -29.0 6.446981713597366 
-8.0 26.0 7.1360426013257205 
-8.0 -21.0 9.292566837403871 
-8.0 -32.0 2.1320220061215034 
-8.0 25.0 5.572545497731229 
-8.0 18.0 16.868421111928434 
-8.0 23.0 8.377816296266992 
-8.0 2.0 1.7031557349461712 
-8.0 -3.0 1.5782385389848663 
-8.0 -20.0 7.082334097955556 
-8.0 -12.0 14.631648014899579 
-9.0 -11.0 11.139788837861154 
-9.0 -16.0 14.344532021351664 
-9.0 -18.0 2.751498753721382 
-9.0 -32.0 5.445374468312947 
-9.0 27.0 6.678748510753896 
-10.0 13.0 0.8731684453370248 
-10.0 -19.0 5.407136952351177 
-10.0 26.0 8.089624196740752 
-10.0 0.0 0.02125916305817377 
-10.0 -2.0 0.7694011306134119 
-10.0 -22.0 4.839186667371043 
-10.0 -22.0 15.650348493375322 
-10.0 32.0 0.8871722072907318 
-10.0 5.0 11.052363878245263 
-10.0 7.0 7.441918060785868 
-10.0 -18.0 4.841071843157518 
-10.0 30.0 4.462206532471424 
-10.0 23.0 8.079377875589767 
-10.0 11.0 11.138037990795047 
-10.0 -29.0 1.4176397782773575 
-10.0 -23.0 14.93546784401456 
-10.0 26.0 2.0071816273328213 
-11.0 17.0 8.849068752082246 
-11.0 0.0 3.7749704434534292 
-11.0 13.0 17.56849443476838 
-11.0 5.0 12.753599870217403 
-11.0 2.0 5.706284865645839 
-11.0 23.0 3.3271117526590954 
-11.0 19.0 9.917306788635782 
-11.0 -32.0 0.30525151088411917 
-11.0 9.0 15.425973877742138 
-11.0 -3.0 8.691683151659802 
-11.0 14.0 16.53371263544623 
-11.0 -19.0 12.540672111046813 
-11.0 -17.0 1.0115063650310008 
-11.0 3.0 10.09548124781201 
-11.0 26.0 3.4319147325319044 
-12.0 5.0 1.641394178916844 
-12.0 11.0 8.766487470149741 
-12.0 0.0 4.001886990157577 
-12.0 -11.0 15.84362299945974 
-12.0 -7.0 3.0428002785816144 
-12.0 -5.0 12.41173845597421 
-12.0 2.0 9.741436647689783 
-12.0 11.0 9.760963589097615 
-12.0 -25.0 3.488143688301082 
-12.0 -20.0 10.018913666617113 
-12.0 -11.0 2.738941169231124 
-12.0 -46.0 0.24985571300661924 
-12.0 13.0 2.137213191203746 
-12.0 -13.0 2.541805039673717 
-12.0 15.0 6.40680018251627 
-13.0 -10.0 14.75556140597256 
-13.0 -15.0 10.851075986578529 
-13.0 -10.0 0.8392163075209291 
-13.0 17.0 16.572022834896227 
-13.0 -10.0 12.911666181478875 
-13.0 -10.0 10.375319573102558 
-13.0 -22.0 13.792178672565768 
-14.0 -6.0 12.140861818558335 
-14.0 -3.0 0.32427619241048866 
-14.0 8.0 8.626768440046728 
-14.0 -4.0 0.37084628400707587 
-14.0 -5.0 5.413645431298519 
-14.0 -8.0 8.588069760254612 
-14.0 -16.0 0.8397472866803479 
-14.0 26.0 4.4168949321254924 
-14.0 3.0 12.679745641208662 
-14.0 7.0 10.131979245379563 
-14.0 -19.0 7.185909428314208 
-15.0 0.0 11.059021760543297 
-15.0 -38.0 0.4468221689220009 
-15.0 -25.0 1.0570819587087943 
-15.0 6.0 15.567327217215986 
-15.0 -19.0 7.045110759207662 
-15.0 -16.0 8.963485495257718 
-15.0 32.0 1.4039962221821245 
-15.0 -5.0 9.018736898649848 
-15.0 -35.0 2.20284972829643 
-15.0 20.0 2.8836403435064106 
-15.0 -21.0 10.908601067540214 
-15.0 -26.0 3.385885892860041 
-16.0 11.0 15.01066808761653 
-16.0 7.0 9.020784497777544 
-16.0 0.0 1.0817813348990013 
-16.0 -15.0 5.941382802616579 
-16.0 -25.0 8.18679320738247 
-16.0 26.0 6.853503439726905 
-16.0 25.0 8.741643998441017 
-16.0 -15.0 6.920045134543362 
-16.0 -11.0 11.793107292794481 
-16.0 -21.0 5.21750558424805 
-17.0 -7.0 6.114183054566347 
-17.0 12.0 4.038185616318635 
-17.0 4.0 13.436797914932797 
-17.0 -16.0 0.0442930858214341 
-17.0 0.0 8.930476214221494 
-18.0 -29.0 1.1999847115795603 
-18.0 -6.0 16.667410605950227 
-18.0 2.0 9.281632155828445 
-18.0 -9.0 15.03841089405289 
-18.0 -3.0 9.044526019560294 
-18.0 6.0 3.25401260748992 
-18.0 15.0 12.213616259942107 
-18.0 -6.0 8.987602530389438 
-18.0 15.0 6.3190782815848445 
-18.0 -11.0 3.1136750147089387 
-18.0 3.0 9.044782268423756 
-18.0 19.0 8.932116047044136 
-19.0 19.0 3.3958243576083236 
-19.0 -34.0 0.6349911936082142 
-19.0 32.0 3.436051617756397 
-19.0 -6.0 0.4135830523995798 
-19.0 8.0 3.3390708058378404 
-19.0 31.0 3.5702296330136774 
-19.0 -3.0 14.327573723374009 
-19.0 -3.0 16.95031224667631 
-19.0 43.0 0.6971005071624292 
-19.0 10.0 9.537478669028099 
-20.0 10.0 4.24419327451353 
-20.0 -7.0 5.526098925481948 
-20.0 -2.0 9.443276392930965 
-20.0 17.0 10.189907443643232 
-20.0 3.0 17.21479485918831 
-20.0 13.0 2.4199151113952766 
-20.0 36.0 2.0895113815331268 
-21.0 -25.0 7.604240086817926 
-21.0 -31.0 3.9159959011363377 
-21.0 9.0 3.5195248794144263 
-21.0 -6.0 2.084062967357969 
-21.0 26.0 5.029765807593289 
-21.0 -5.0 14.29607774086017 
-21.0 10.0 4.624246332087356 
-21.0 -1.0 11.513293697438808 
-21.0 24.0 8.349173100463014 
-21.0 12.0 9.897717015520557 
-21.0 -30.0 4.2342132099773 
-21.0 13.0 7.396602683918507 
-21.0 -14.0 4.471734828249918 
-21.0 -25.0 1.4018745880567396 
-21.0 -22.0 9.400227990306487 
-21.0 -30.0 3.8195392065403233 
-21.0 18.0 5.922090772425004 
-21.0 -10.0 12.025432352069764 
-21.0 -4.0 0.20178789924762963 
-21.0 3.0 4.228433383947294 
-22.0 -17.0 1.557542326559691 
-22.0 -21.0 9.211291788061349 
-22.0 -19.0 8.350250308697404 
-22.0 6.0 1.4939180568462884 
-22.0 20.0 4.336152929987125 
-22.0 -7.0 14.964742641211615 
-22.0 12.0 5.128602482884381 
-22.0 -3.0 3.9700217254207137 
-23.0 -6.0 1.199209068664997 
-23.0 -9.0 0.6091472040764545 
-23.0 10.0 10.512271840847687 
-23.0 -18.0 0.439952796184806 
-23.0 3.0 12.272746222261377 
-23.0 15.0 7.821701132161185 
-24.0 16.0 9.452707633285652 
-24.0 -8.0 1.4762331050459654 
-24.0 -10.0 9.365575152858852 
-24.0 -9.0 8.18399468201858 
-24.0 9.0 11.29570904935806 
-24.0 19.0 2.844658407526901 
-24.0 -1.0 0.49101282179331296 
-24.0 16.0 9.169731945068204 
-24.0 15.0 6.49914411424124 
-25.0 20.0 7.944727367819482 
-25.0 4.0 0.8376850688625037 
-25.0 20.0 3.8879467629374664 
-25.0 15.0 6.43932786988044 
-26.0 -18.0 5.757930155431579 
-26.0 9.0 0.27421317220654995 
-26.0 -5.0 1.328607151217298 
-26.0 7.0 0.35430949129289235 
-26.0 -28.0 1.8877263509841091 
-27.0 2.0 0.519224128421536 
-27.0 17.0 0.6923470762892903 
-27.0 -12.0 5.002339367473629 
-27.0 -13.0 9.339248324143568 
-27.0 -21.0 1.718223401016905 
-27.0 7.0 4.945996169557487 
-27.0 -7.0 3.336267752977906 
-27.0 7.0 10.668161563181734 
-28.0 -3.0 10.867915712813424 
-28.0 -18.0 6.092362667790341 
-28.0 25.0 0.12247924871999771 
-28.0 -2.0 10.016156229528672 
-28.0 -7.0 4.847649179850699 
-28.0 -12.0 5.5265909391779555 
-29.0 15.0 5.118687582747583 
-29.0 0.0 4.182454153660142 
-29.0 -6.0 9.682169165099674 
-29.0 19.0 4.483185724465488 
-29.0 -22.0 3.8920915090078223 
-30.0 -3.0 6.120943667325962 
-30.0 -6.0 1.3494881829315686 
-30.0 -9.0 6.140627701925583 
-30.0 -4.0 0.5349654833766149 
-30.0 11.0 3.6886842704758616 
-31.0 -12.0 1.7343975603792972 
-31.0 42.0 0.19813981931404712 
-31.0 13.0 3.320373778665342 
-31.0 35.0 0.23303644181005279 
-32.0 -4.0 4.993179769588352 
-32.0 -2.0 4.4514086915351525 
-33.0 3.0 6.023298499065022 
-33.0 10.0 0.5116856116776924 
-34.0 -8.0 4.044646050292866 
-34.0 -12.0 0.9108913616593384 
-34.0 17.0 0.9335226013330589 
-34.0 10.0 5.097670886307082 
-34.0 7.0 3.607694582453025 
-36.0 0.0 4.210501868578187 
-36.0 12.0 3.640338161004397 
-37.0 13.0 1.4193941999347537 
-37.0 23.0 0.8585922911418242 
-38.0 -19.0 0.9052443172210545 
-39.0 -12.0 0.025373041650178507 
-39.0 3.0 1.8539116556436364 
-40.0 8.0 1.6075683131804297 
-42.0 17.0 0.6462985760267159 
-47.0 -9.0 0.4646554277546455 
-49.0 -10.0 0.08555370906526694 
