73.0 53.0 0.002494252481666237 
71.0 2.0 0.15922960128955665 
66.0 1.0 0.13957805719466698 
65.0 13.0 0.2662183485064862 
63.0 10.0 0.07084488067810035 
60.0 2.0 0.6548913588563243 
57.0 -18.0 0.8460918978152598 
56.0 1.0 0.48523533183186807 
56.0 23.0 0.393757977647069 
54.0 20.0 0.5776875589813546 
53.0 -34.0 0.19269032230284644 
53.0 41.0 0.1421684309904636 
53.0 3.0 1.2337645507286554 
53.0 13.0 0.7335180468667213 
52.0 -30.0 0.7605444097816827 
51.0 -5.0 0.2166182783298609 
51.0 -1.0 0.15538824976268906 
49.0 15.0 0.3339220426411549 
49.0 25.0 1.1173808908709892 
49.0 -19.0 1.5888915447833662 
49.0 -18.0 2.1608036349012316 
47.0 -37.0 0.21168014431693916 
47.0 38.0 0.08247499299984806 
47.0 14.0 0.7017026209064081 
47.0 -24.0 0.3470639656565355 
46.0 33.0 0.5604512024554031 
46.0 -1.0 1.8814233660485735 
46.0 -5.0 3.400776723475496 
45.0 8.0 0.8490759742013632 
44.0 8.0 1.420552706594913 
44.0 13.0 4.125908900553199 
44.0 10.0 3.5972156603693017 
44.0 5.0 0.33250189057831836 
43.0 7.0 0.8726596503911832 
43.0 28.0 2.2216286261786955 
43.0 44.0 0.06253700061342737 
43.0 -9.0 1.3152599076675653 
43.0 -2.0 1.2784113014371323 
42.0 -14.0 0.7403538876574745 
42.0 -8.0 5.053382552582475 
41.0 -22.0 0.2911521749636714 
41.0 -17.0 4.03865599070985 
41.0 41.0 1.2287018038988906 
41.0 -8.0 1.9591858965747333 
40.0 -30.0 2.259338336736416 
40.0 1.0 5.875500408660472 
40.0 38.0 0.05538200712651431 
40.0 12.0 1.2968117267390111 
39.0 -38.0 1.3367591271062906 
39.0 35.0 1.0114030659089668 
38.0 14.0 1.0881947327624486 
38.0 32.0 2.1989780695845784 
38.0 -30.0 1.439352143989714 
38.0 42.0 1.1675791077464526 
38.0 -6.0 2.4673891542094095 
38.0 2.0 2.158290521901085 
37.0 24.0 0.8994084813216396 
37.0 -15.0 4.265720520338245 
37.0 -30.0 0.5174349258763034 
37.0 -8.0 2.437814369990021 
37.0 14.0 6.139848769970091 
36.0 -4.0 1.6637758232673772 
36.0 5.0 4.630567931914298 
36.0 46.0 1.1282441480061633 
35.0 -17.0 1.5146245881692 
35.0 4.0 4.8184221141167605 
35.0 -14.0 5.547819559933109 
35.0 22.0 5.335692050264851 
35.0 51.0 0.31351586977257373 
35.0 6.0 5.655300847205336 
35.0 8.0 6.264109218528602 
35.0 -5.0 6.848405220095888 
34.0 -15.0 3.4375179483784324 
34.0 26.0 2.8383408350816097 
34.0 -9.0 3.966570358713728 
33.0 -11.0 4.670803265747536 
33.0 24.0 3.468870387845824 
33.0 -7.0 3.626379349396691 
33.0 -47.0 0.08914311179264445 
33.0 -21.0 0.037636660279893874 
33.0 -32.0 2.4281904681250355 
33.0 -13.0 3.6109611802046526 
32.0 -28.0 0.12681957835547486 
32.0 12.0 5.324528298281894 
31.0 -19.0 0.2746236228570176 
31.0 -23.0 1.0214971627077185 
31.0 -20.0 6.316191389935888 
31.0 -18.0 4.0841723230418125 
31.0 10.0 5.76361497844835 
31.0 -17.0 5.990013247885284 
30.0 -47.0 0.723306392603873 
30.0 2.0 3.0852310035092145 
30.0 -24.0 5.354178472917526 
30.0 1.0 7.168409068586845 
30.0 -30.0 4.294410424323436 
30.0 19.0 5.936254306199373 
30.0 33.0 2.728898795018031 
30.0 9.0 7.696081744826611 
30.0 -16.0 0.6679405053500176 
30.0 -40.0 1.1378378618268625 
30.0 55.0 0.4808746944627851 
29.0 6.0 1.1092681580761043 
29.0 -18.0 3.9230310988264128 
29.0 -8.0 6.045193664738879 
29.0 5.0 2.129787769837521 
29.0 -26.0 6.1686570959849085 
29.0 -7.0 0.7555473236487975 
29.0 35.0 0.6574736548518034 
28.0 -47.0 0.47951625595177294 
28.0 35.0 3.933767762645757 
28.0 -60.0 0.21511991853728762 
28.0 0.0 7.359984578200862 
28.0 -23.0 0.5713622031607857 
28.0 30.0 5.293533315905652 
28.0 -39.0 0.2938096013526126 
28.0 -3.0 0.29183507997054825 
28.0 -33.0 3.1931825572181216 
28.0 6.0 6.823757276564257 
28.0 -8.0 0.6126515900780616 
28.0 27.0 5.0131825916713835 
27.0 -19.0 1.688774599161058 
27.0 -9.0 3.1448310513412236 
27.0 -33.0 0.4042307223482977 
27.0 -38.0 2.3369484547171027 
27.0 -9.0 1.9227074606549266 
27.0 21.0 4.140309119342489 
26.0 -33.0 1.2297719036999943 
26.0 18.0 6.254953256246587 
26.0 34.0 4.493245161482751 
26.0 36.0 1.8895480330506365 
26.0 0.0 0.23607471327347085 
26.0 32.0 3.059614484454687 
26.0 45.0 1.146803602567248 
26.0 30.0 5.6197158425033145 
26.0 -29.0 2.940457730149171 
26.0 15.0 4.9945304778855615 
26.0 25.0 3.4996340896475964 
26.0 11.0 7.849880063771852 
26.0 -5.0 3.361643544179005 
25.0 -45.0 1.6064409250764466 
25.0 -14.0 4.54344377686855 
25.0 -11.0 0.6928326176559585 
25.0 -38.0 3.154187738905412 
25.0 -8.0 8.212999065189909 
25.0 37.0 2.0053481671468143 
25.0 -38.0 1.0949895117545738 
25.0 -37.0 3.7804688390736807 
25.0 -30.0 2.8977101757751145 
25.0 -7.0 1.827661672320069 
25.0 32.0 3.216392332301865 
25.0 -16.0 5.330391105876631 
24.0 16.0 0.12779114828354032 
24.0 3.0 3.4500413932718743 
24.0 19.0 1.7170789241081064 
24.0 -39.0 2.2900094876823207 
24.0 25.0 5.409883092046375 
24.0 14.0 7.483216592117148 
24.0 -12.0 4.873322434505667 
24.0 -21.0 2.5036181177773287 
24.0 57.0 0.7314056359424281 
24.0 12.0 0.45905963304126995 
24.0 -37.0 3.0637004399620693 
23.0 -19.0 4.648882291596879 
23.0 -4.0 3.1624980214007836 
23.0 61.0 0.23210096626513632 
23.0 33.0 1.62556234074962 
23.0 0.0 4.274762675414823 
23.0 -19.0 7.944994857129739 
23.0 57.0 0.608437144202334 
23.0 34.0 3.0925308230745907 
22.0 -21.0 0.2745240277508554 
22.0 8.0 6.413360170050009 
22.0 22.0 0.6419758818935195 
22.0 27.0 0.02610493319599172 
22.0 -8.0 7.169384461911399 
22.0 9.0 5.195203641078505 
22.0 10.0 5.489874075117807 
22.0 -31.0 0.7215657268386799 
21.0 20.0 7.771786376295831 
21.0 -18.0 0.31165369120444986 
21.0 -12.0 7.701441871021508 
21.0 -20.0 5.838219979136472 
21.0 -3.0 5.213143978607393 
21.0 -2.0 2.2184711233366183 
21.0 30.0 6.649818194348733 
21.0 -49.0 0.08660587666453612 
21.0 -30.0 4.487118698127901 
21.0 19.0 3.196345423298941 
21.0 19.0 8.242700976860862 
20.0 -37.0 2.97042800727243 
20.0 -46.0 1.3056145730997448 
20.0 40.0 4.40176846599416 
20.0 -55.0 0.782518476739491 
19.0 -35.0 1.611970998616985 
19.0 53.0 1.5451061806840416 
19.0 -26.0 4.922498514939311 
19.0 24.0 3.4353628242209666 
19.0 28.0 2.4745628637964368 
19.0 34.0 3.508412501244118 
19.0 -13.0 6.324079402798 
19.0 4.0 6.140976376660112 
18.0 -7.0 5.231019505432255 
18.0 32.0 1.7262621784340793 
18.0 -48.0 0.6661680019842686 
18.0 -9.0 1.4277839140325321 
18.0 -29.0 0.6064794141620311 
18.0 18.0 6.990415519516735 
18.0 -40.0 0.9708110473132248 
18.0 -51.0 0.6176321234218074 
18.0 40.0 0.16087478533433064 
18.0 47.0 1.8160989577371556 
18.0 -55.0 0.4532949602659153 
17.0 32.0 0.5221974520115413 
17.0 23.0 4.195966765322856 
17.0 14.0 0.15224747050535115 
17.0 -31.0 2.2741532960446342 
17.0 -58.0 0.7893235997966652 
17.0 37.0 4.0333951025836035 
17.0 36.0 4.340868889067817 
16.0 19.0 5.563512986237029 
16.0 42.0 4.390658129366121 
16.0 10.0 2.9572817434161403 
16.0 -14.0 4.1346161443314156 
16.0 -33.0 4.342472124267305 
16.0 -29.0 6.840353088845674 
16.0 -19.0 2.1814338746881656 
15.0 41.0 4.661529644501172 
15.0 -39.0 0.3221132386549419 
15.0 28.0 3.246121016315384 
15.0 43.0 1.9416156351764746 
15.0 6.0 0.23054525019394756 
15.0 26.0 1.9270875644821217 
14.0 -73.0 0.07925249456386396 
14.0 36.0 0.8420980088561514 
14.0 -5.0 1.0562978490643582 
14.0 -28.0 8.074333980056858 
14.0 52.0 1.28965102517542 
14.0 21.0 6.52560417006165 
14.0 14.0 1.0704341458414035 
14.0 -18.0 0.8651985778957982 
14.0 0.0 1.569429703335623 
14.0 -21.0 3.9708202276659277 
14.0 -20.0 7.375476508490797 
13.0 55.0 0.7184478027794095 
13.0 29.0 7.289885792559181 
13.0 49.0 1.5146023102150519 
13.0 -14.0 3.610434427456455 
13.0 14.0 2.424602257690922 
13.0 7.0 0.06116041904113967 
12.0 -46.0 0.8204457757007289 
12.0 58.0 1.0911161071426312 
12.0 -8.0 4.499897419191545 
12.0 25.0 3.1622728538693856 
12.0 8.0 2.8192458107770824 
12.0 38.0 4.145121100376348 
12.0 -59.0 0.09224142529151713 
12.0 22.0 5.616841324522226 
12.0 46.0 2.9320899779907705 
12.0 44.0 3.6132782402346075 
12.0 42.0 0.37476429922800314 
11.0 3.0 0.936457275276692 
11.0 -26.0 6.644532463184527 
11.0 33.0 2.9930050904227734 
11.0 41.0 4.571244954791109 
10.0 41.0 1.3597981868129771 
10.0 38.0 0.6612112101168632 
10.0 56.0 1.0872769489587153 
10.0 -13.0 5.199026082598479 
10.0 -18.0 1.6455156804069393 
10.0 34.0 3.1569968871542065 
10.0 -23.0 3.8346889688766206 
10.0 -3.0 0.8618564158594522 
9.0 36.0 5.442191888953785 
9.0 57.0 1.3952419335853117 
9.0 35.0 1.3307144304901541 
9.0 -39.0 1.7055753279324737 
9.0 -16.0 2.1105089219995987 
9.0 28.0 4.216257470880502 
9.0 7.0 2.806624062653418 
8.0 -22.0 6.4638243594863365 
8.0 -34.0 4.587595815649825 
8.0 -45.0 1.5635468411777653 
8.0 -48.0 1.5308684833755803 
8.0 -46.0 3.288761887794811 
8.0 -38.0 5.776656722867313 
8.0 -27.0 5.396998489653471 
8.0 -16.0 4.301373765660865 
8.0 31.0 4.093299836837261 
7.0 46.0 3.556269153764724 
7.0 -17.0 2.679556410729367 
7.0 46.0 2.4859008390410997 
7.0 -53.0 0.9145715886924588 
6.0 -39.0 5.506965735731506 
6.0 34.0 0.633411873404155 
6.0 -41.0 4.203484118252332 
6.0 14.0 3.787192498047709 
6.0 -6.0 1.3356404600300964 
6.0 -42.0 0.8810986842853197 
6.0 44.0 3.4676821045099837 
6.0 25.0 2.0249915726214818 
6.0 51.0 2.616524305552037 
6.0 -72.0 0.18319689827372976 
5.0 -18.0 5.6398412958550415 
5.0 42.0 2.1917334442037584 
5.0 -33.0 1.0683866436694833 
5.0 24.0 3.6034622851577325 
5.0 -46.0 0.9711087453077027 
5.0 41.0 3.005760878071362 
5.0 34.0 7.32121189923074 
5.0 11.0 0.570786894903863 
5.0 -48.0 1.3916425093991602 
5.0 26.0 5.331310143361745 
4.0 16.0 3.929206269229102 
4.0 -31.0 6.524128043966515 
4.0 47.0 2.849021202454338 
4.0 56.0 1.4471515262759471 
4.0 27.0 1.6638059884159784 
4.0 33.0 5.850664562946584 
4.0 59.0 0.2679706588518682 
4.0 33.0 3.526941073614287 
4.0 7.0 0.28797364505361855 
4.0 20.0 3.363164558134235 
4.0 45.0 4.044540166294408 
3.0 -21.0 0.7673600880692133 
3.0 28.0 3.811382787692774 
3.0 11.0 2.3510038463164795 
3.0 53.0 1.0300836472677544 
3.0 24.0 0.7660282428593179 
3.0 -31.0 1.8831877803807684 
2.0 65.0 0.466620412498453 
2.0 -21.0 1.359065950917393 
2.0 -3.0 0.10800411950495636 
2.0 30.0 2.4713721412227274 
2.0 23.0 7.078620090584242 
2.0 45.0 1.357828360191271 
2.0 -18.0 6.003198129684639 
2.0 -41.0 1.4529093015691608 
2.0 43.0 3.1405775789458135 
1.0 61.0 0.14786458172033612 
1.0 47.0 2.0549284844697535 
1.0 -32.0 3.410114119991703 
1.0 38.0 1.2179804512165715 
1.0 -14.0 2.823130774661231 
0.0 42.0 1.3895972368935805 
0.0 -42.0 0.5498739464973035 
0.0 32.0 6.308946177658092 
0.0 14.0 0.34475834657921034 
0.0 30.0 5.246785766141793 
0.0 37.0 6.465570139044585 
0.0 42.0 2.727957292098293 
0.0 33.0 4.862802861417936 
0.0 -18.0 1.7262219284677194 
0.0 -15.0 1.3728019287796434 
-1.0 -49.0 2.54849923068301 
-1.0 -35.0 4.048079320980613 
-1.0 35.0 2.162759015125193 
-1.0 31.0 7.6411789719041945 
-2.0 -51.0 2.0165909558309547 
-2.0 27.0 5.310841662348076 
-2.0 27.0 5.452868094559915 
-2.0 36.0 5.380949726080608 
-2.0 -6.0 1.0260320370097942 
-2.0 25.0 0.05195663066404066 
-2.0 35.0 0.79855904357784 
-3.0 37.0 2.788217046123309 
-3.0 -60.0 1.0069733799086267 
-3.0 -52.0 0.7689494194467184 
-3.0 40.0 5.776799124925791 
-3.0 46.0 1.1093663665805442 
-3.0 45.0 2.7262849697032854 
-3.0 24.0 7.823343148840367 
-4.0 22.0 3.933291928782112 
-4.0 -43.0 3.1849560767166496 
-4.0 -21.0 2.8886080183825324 
-5.0 -16.0 2.4833740629026657 
-5.0 2.0 0.28713010692882346 
-5.0 -34.0 3.9300493596233776 
-5.0 15.0 3.9565669339334253 
-5.0 47.0 1.1907316149579739 
-5.0 25.0 3.2822228882130045 
-5.0 23.0 5.487741870385587 
-5.0 24.0 0.5167368803056238 
-6.0 -19.0 3.613565021464371 
-6.0 21.0 5.039305001636074 
-6.0 -23.0 3.5156993323218755 
-7.0 57.0 1.4410705222629439 
-7.0 25.0 6.6637543582802605 
-7.0 -30.0 7.158948810986221 
-7.0 -43.0 1.901669677859874 
-7.0 28.0 0.5902180475276797 
-7.0 23.0 0.6336225737170187 
-7.0 20.0 3.138917010443665 
-7.0 -32.0 7.590858297676806 
-7.0 47.0 3.0335825123891658 
-7.0 19.0 5.879990447786643 
-7.0 37.0 1.4330360004577436 
-7.0 -23.0 1.192784328628238 
-8.0 -18.0 6.539863502527554 
-8.0 -14.0 4.456632896607471 
-8.0 -30.0 4.001509193059083 
-8.0 -57.0 1.3479927835355898 
-8.0 -26.0 4.441802229939507 
-8.0 27.0 2.6571470077587644 
-8.0 41.0 4.2095515436924025 
-9.0 16.0 1.0002693908354177 
-9.0 19.0 2.2168233368324852 
-9.0 -40.0 1.0058059832503963 
-9.0 -37.0 3.7781256259656892 
-9.0 17.0 3.7259651113165093 
-9.0 40.0 0.10055432145605891 
-9.0 40.0 3.1724400179713452 
-9.0 29.0 3.0549762529039626 
-9.0 -31.0 7.196070527971887 
-10.0 29.0 5.817335528635059 
-10.0 -28.0 6.170330101511801 
-10.0 -23.0 3.4902404419866473 
-10.0 -22.0 1.0550699496315596 
-10.0 -37.0 1.7895602792176168 
-10.0 -34.0 6.781493636019098 
-10.0 26.0 0.3853912050818531 
-10.0 -16.0 2.961595512851578 
-11.0 -53.0 0.018093277721287215 
-11.0 44.0 0.868121406926825 
-11.0 33.0 1.202947195981352 
-11.0 65.0 0.1602377384696263 
-11.0 -30.0 7.106576092987482 
-12.0 56.0 0.32325653746512195 
-12.0 -13.0 3.3099928196742567 
-12.0 0.0 1.165208298521847 
-12.0 -21.0 0.5882591779952095 
-13.0 50.0 0.9968595442737538 
-13.0 -4.0 3.925190176446103 
-13.0 -34.0 5.248542855323612 
-13.0 -12.0 3.5411423666183994 
-13.0 31.0 6.274399485859172 
-13.0 2.0 2.636341518588159 
-14.0 -34.0 0.4813021793301786 
-14.0 -23.0 2.333320944958195 
-14.0 22.0 3.923291402063267 
-14.0 -60.0 0.3017798187815446 
-14.0 -32.0 5.161050752535923 
-14.0 -17.0 3.6472241702263375 
-14.0 31.0 3.5341673077088354 
-14.0 52.0 1.8237835060547214 
-14.0 -23.0 3.2075204837723748 
-14.0 35.0 3.263809865383549 
-14.0 -21.0 4.519237761845041 
-14.0 -50.0 1.8911060949839964 
-14.0 17.0 3.298067713179531 
-15.0 -18.0 4.062548224927354 
-15.0 40.0 3.5276506890401516 
-15.0 -18.0 5.701280746985504 
-15.0 20.0 7.695836611719686 
-15.0 32.0 0.6254565450023453 
-15.0 -11.0 5.898868524718437 
-15.0 -17.0 6.713316105061318 
-15.0 -39.0 3.733156818948591 
-16.0 10.0 3.837263840551941 
-16.0 3.0 3.1345209071572677 
-16.0 -19.0 1.8677256768399042 
-16.0 10.0 3.0233752314789974 
-16.0 9.0 2.8986420004715185 
-16.0 31.0 0.630664736698372 
-16.0 -32.0 1.5188850709062507 
-17.0 9.0 2.7370815583781516 
-17.0 16.0 3.70347561301565 
-17.0 15.0 1.1665332618722157 
-17.0 -4.0 3.408807361606314 
-17.0 -66.0 0.25147939372294204 
-17.0 19.0 4.6945958141310085 
-17.0 4.0 2.4624520493632396 
-17.0 -5.0 4.747740404820733 
-18.0 9.0 5.988536016835244 
-18.0 -19.0 6.343566673267853 
-18.0 -56.0 1.0407569998001076 
-18.0 -25.0 2.301115015164279 
-18.0 -23.0 8.122578507316348 
-19.0 -24.0 2.2250733180820825 
-19.0 -18.0 5.317862433046883 
-19.0 -9.0 6.5402269329507545 
-19.0 11.0 3.812523758182973 
-19.0 24.0 5.848438488906815 
-20.0 -10.0 6.874835208794949 
-20.0 -10.0 5.1475709665355085 
-20.0 -4.0 1.339920056501187 
-20.0 -12.0 4.272815585016354 
-20.0 -46.0 2.402583828403415 
-20.0 12.0 5.932107709393453 
-20.0 36.0 4.506963780579687 
-20.0 9.0 0.27987947318874884 
-20.0 -28.0 5.441977292117706 
-21.0 -36.0 0.8627925504602896 
-21.0 5.0 1.083371624176377 
-21.0 44.0 0.5023349165427238 
-21.0 13.0 5.210705234055757 
-21.0 61.0 0.5070164311447023 
-21.0 -2.0 7.12328941817153 
-21.0 21.0 4.8122322150313535 
-21.0 -48.0 0.3541869903500583 
-21.0 28.0 7.386902817002272 
-21.0 -33.0 1.6539925979173198 
-21.0 20.0 0.7945600079585224 
-22.0 -8.0 6.210904294130959 
-22.0 4.0 4.027021139051956 
-22.0 -19.0 4.537523731889759 
-22.0 -71.0 0.056397985123801675 
-22.0 -8.0 6.299955052904149 
-22.0 -21.0 5.324303660821261 
-22.0 -14.0 5.841953854623716 
-22.0 -2.0 7.456704500926836 
-22.0 12.0 3.3552258487815623 
-23.0 2.0 7.358679710190552 
-23.0 -36.0 2.5149917845324055 
-23.0 -55.0 0.0027869893838294857 
-23.0 -20.0 7.169172984213046 
-23.0 26.0 0.7135738579494566 
-24.0 57.0 0.389850574574635 
-24.0 -38.0 0.3741878042060609 
-24.0 -8.0 3.2985824471664094 
-24.0 15.0 1.6383581701128191 
-24.0 -8.0 8.188246654411424 
-24.0 -23.0 1.1497534493312145 
-24.0 -11.0 7.9857317518639 
-24.0 -19.0 2.5826039628240594 
-24.0 -6.0 8.070522420758785 
-24.0 34.0 2.2388082828682654 
-25.0 18.0 7.8877428971656505 
-25.0 -36.0 1.6566300012776924 
-25.0 17.0 7.302674632162609 
-25.0 -40.0 0.0864707834195011 
-25.0 -22.0 6.366058207647574 
-25.0 -24.0 3.6465252938997494 
-25.0 -25.0 3.391618804932661 
-25.0 -12.0 6.0343347694040705 
-26.0 -29.0 1.5086687446381752 
-26.0 -8.0 1.3979562748354102 
-26.0 -31.0 4.55762393233039 
-26.0 30.0 0.8404125653063144 
-26.0 22.0 2.100628550897543 
-26.0 53.0 1.006973607032724 
-26.0 -37.0 0.05296000046861593 
-26.0 -33.0 0.031074813597098405 
-26.0 31.0 1.2061753062573288 
-26.0 -34.0 4.561120796161666 
-26.0 19.0 6.317007380410633 
-27.0 -11.0 2.799830677457593 
-27.0 9.0 3.9207224936684826 
-27.0 -2.0 2.2336833371707776 
-27.0 -10.0 1.0979142718829937 
-27.0 -9.0 0.638824774253921 
-27.0 24.0 7.081669264808799 
-28.0 17.0 2.293431238435728 
-28.0 28.0 4.372826338485902 
-28.0 32.0 1.5645497954250853 
-28.0 -25.0 4.943420476241189 
-29.0 -22.0 0.40644735289641076 
-29.0 42.0 0.3817133460429778 
-29.0 19.0 5.003037652852149 
-29.0 -18.0 6.081322196836547 
-29.0 16.0 0.6280291267997118 
-29.0 -29.0 0.7512892859736775 
-30.0 -24.0 2.4593959648294694 
-30.0 -24.0 1.4725189029782815 
-30.0 16.0 5.418189682215857 
-30.0 -12.0 0.5125346412994114 
-30.0 25.0 5.277158339780819 
-31.0 16.0 2.4717675848096032 
-31.0 14.0 2.5051854365142345 
-31.0 -10.0 7.147298436665062 
-31.0 34.0 1.721930082108969 
-31.0 9.0 6.64080864165173 
-31.0 -8.0 5.367362939072362 
-31.0 -27.0 1.7624452508232524 
-31.0 -7.0 3.708605370378648 
-31.0 -5.0 1.6022161615268926 
-31.0 -15.0 7.047430462183146 
-31.0 30.0 0.16850480859720296 
-32.0 -21.0 1.9730577905309188 
-32.0 4.0 3.5573829249316846 
-32.0 19.0 1.3770180041174918 
-32.0 -6.0 5.273867285344513 
-32.0 -4.0 6.828782285112522 
-32.0 20.0 0.9043398394077418 
-32.0 -20.0 1.6899021385285984 
-32.0 -7.0 2.820803467765809 
-32.0 3.0 1.1456263661334676 
-32.0 -51.0 0.7706109364459257 
-33.0 24.0 3.5002621909628884 
-33.0 -51.0 0.9694270736121391 
-33.0 9.0 5.328855632117158 
-33.0 17.0 5.481568499927536 
-33.0 0.0 3.699721433151004 
-34.0 -20.0 4.861786475228391 
-34.0 49.0 0.4134201314572872 
-34.0 -35.0 2.172089269386168 
-34.0 -11.0 3.988941450772443 
-34.0 -12.0 2.8791054825482165 
-34.0 16.0 3.510071768290768 
-34.0 -18.0 5.699997681569036 
-34.0 23.0 4.465468229227887 
-34.0 20.0 4.38149183946468 
-35.0 -23.0 4.354152237885933 
-35.0 9.0 0.34331336723125716 
-35.0 10.0 1.7289167299836539 
-35.0 -27.0 2.5861339530948158 
-35.0 21.0 3.3098656285760475 
-35.0 -39.0 1.8657104124796264 
-35.0 -16.0 0.9907626711408435 
-36.0 -69.0 0.025748663035285446 
-36.0 -56.0 0.20287428440290967 
-36.0 -19.0 3.643119061593203 
-36.0 5.0 3.0997683496954975 
-36.0 -18.0 0.5324984481217543 
-36.0 5.0 2.091739620775024 
-36.0 16.0 0.2104022439253228 
-36.0 16.0 3.831499006898942 
-36.0 10.0 6.209849825864144 
-37.0 11.0 0.5355157009202527 
-37.0 3.0 0.34147198310929827 
-38.0 24.0 1.2343631859224047 
-38.0 -14.0 2.9830923032806433 
-38.0 25.0 0.8682090584437585 
-38.0 19.0 0.32784799283469557 
-38.0 -20.0 5.031008656224967 
-38.0 8.0 4.116513574997316 
-38.0 37.0 1.0833562540606412 
-38.0 -44.0 0.7064600009979438 
-39.0 5.0 4.3969838782663695 
-39.0 35.0 0.3112859249829736 
-39.0 29.0 2.062447379978405 
-39.0 13.0 2.05186780423261 
-39.0 -18.0 1.2661258335203707 
-39.0 -16.0 1.7111784096701665 
-40.0 8.0 0.29425824931150757 
-40.0 -34.0 2.379611517749347 
-40.0 13.0 1.4887554825253613 
-41.0 -21.0 2.667130246640559 
-41.0 14.0 4.414353464941678 
-41.0 14.0 4.706110766193317 
-41.0 6.0 4.395013922633639 
-41.0 -33.0 1.5818554122872808 
-41.0 18.0 2.7152902055108674 
-41.0 8.0 4.046263393894911 
-42.0 -11.0 2.5974546619260686 
-42.0 -8.0 0.9471584724779492 
-42.0 36.0 1.564726602384825 
-42.0 -44.0 0.15193586177353335 
-42.0 16.0 3.2379259543916517 
-43.0 -11.0 4.270443527512047 
-43.0 -26.0 0.9739440124246768 
-43.0 -22.0 1.9523631670211872 
-43.0 -14.0 2.4764255765653553 
-43.0 6.0 4.58358272779702 
-44.0 -45.0 0.32498359006183364 
-44.0 -21.0 2.5295940338456724 
-44.0 -44.0 0.18657157350487896 
-44.0 24.0 0.11884493298075505 
-45.0 15.0 1.4722197535264048 
-45.0 39.0 0.6116634820387823 
-45.0 -30.0 0.5700300764788224 
-45.0 40.0 0.21648878126334647 
-45.0 -28.0 1.9507330728936179 
-46.0 -2.0 1.4810471471761177 
-46.0 -16.0 0.39809322983852535 
-46.0 23.0 1.9515378001069283 
-46.0 9.0 2.4119196609260207 
-46.0 -42.0 0.6251276498968616 
-46.0 22.0 0.27713772444304396 
-46.0 -7.0 3.158723337438607 
-47.0 -4.0 2.196504348678907 
-49.0 -13.0 2.1647067076592252 
-50.0 1.0 0.23569908760612268 
-50.0 15.0 0.8286983749362653 
-50.0 29.0 0.33111019289666643 
-50.0 -31.0 0.5137730278516051 
-50.0 24.0 0.2693572643691633 
-51.0 31.0 0.530847135599366 
-52.0 20.0 1.2355374340424774 
-52.0 -3.0 0.9764502168146949 
-53.0 12.0 1.2179929845237414 
-53.0 21.0 0.475791338577114 
-54.0 23.0 0.38972645260393346 
-55.0 -18.0 0.43980972078239144 
-55.0 -10.0 0.5090203973596719 
-56.0 22.0 0.7099640239116578 
-56.0 18.0 1.0389354229156655 
-56.0 -33.0 0.21273263117749242 
-57.0 38.0 0.10818022512315562 
-59.0 32.0 0.2387785701587486 
-59.0 23.0 0.6711291548746612 
-60.0 24.0 0.570546314752729 
-62.0 -7.0 0.6135699035266784 
-63.0 -18.0 0.26015119792399677 
