84.0 -8.0 0.023863401272805618 
68.0 2.0 0.008743233166685904 
62.0 19.0 0.0804377566256953 
62.0 30.0 0.30673218055610185 
60.0 4.0 0.784636384029036 
59.0 -2.0 0.2223439641251268 
58.0 35.0 0.36532729755700544 
58.0 27.0 0.029884034963401085 
57.0 -9.0 0.8312014495583941 
56.0 -16.0 0.6709777351203705 
55.0 -32.0 0.38510012779380265 
55.0 -36.0 0.2850142413927115 
55.0 11.0 0.5542938741739389 
55.0 27.0 0.4968683057512413 
54.0 31.0 0.7585546169753821 
54.0 -14.0 0.826469824621423 
53.0 16.0 1.8025131874132017 
53.0 -16.0 0.8959776235708539 
53.0 10.0 1.16682907700294 
52.0 -31.0 0.8307233431754657 
51.0 49.0 0.06523168036887128 
51.0 0.0 2.2916176792118215 
50.0 56.0 0.10023321527019569 
50.0 12.0 0.12396331816932893 
50.0 -4.0 2.4091853497960614 
50.0 16.0 1.441510427509285 
49.0 18.0 1.0658343996642339 
48.0 -3.0 2.688145196718561 
48.0 -9.0 3.2184099968251 
47.0 13.0 1.2337023294085592 
46.0 -21.0 0.8734853112406515 
46.0 -9.0 0.2279329913418282 
46.0 13.0 0.12418263126690032 
46.0 4.0 2.7629246049171163 
45.0 -10.0 3.316075679027919 
45.0 44.0 0.19892441867574995 
45.0 -5.0 3.6873745116122736 
45.0 -5.0 2.777045522319943 
45.0 -27.0 0.36954352650253597 
44.0 -2.0 4.1787145970186845 
43.0 22.0 2.0990455441284306 
42.0 -9.0 3.4705346198096176 
42.0 -5.0 3.135179175463576 
42.0 -9.0 1.60192571911566 
42.0 11.0 4.329457713707074 
41.0 47.0 0.4670530179872179 
41.0 27.0 1.3840650244345554 
41.0 -4.0 1.6234641910298775 
41.0 6.0 5.340748279999863 
40.0 9.0 5.429967685645964 
40.0 -20.0 1.6705653879653948 
40.0 -2.0 1.412490215531248 
40.0 -38.0 0.3742977348206722 
40.0 -30.0 1.9360596964798082 
40.0 -28.0 3.2791344634915953 
39.0 -57.0 0.10326275903882465 
39.0 3.0 2.273815613645702 
39.0 6.0 4.203659054919817 
39.0 11.0 2.7012470839301583 
39.0 -11.0 4.908884329978158 
39.0 -53.0 0.3474089020453208 
39.0 1.0 5.246747057700563 
38.0 -4.0 1.976480608508524 
38.0 7.0 3.2409298651001617 
38.0 28.0 1.5774520449108875 
38.0 -11.0 0.3739047269599727 
38.0 15.0 5.513952483797491 
38.0 19.0 2.154584739694543 
38.0 -23.0 1.821481056980212 
38.0 -10.0 0.8347300931815793 
38.0 17.0 1.380458399510065 
37.0 12.0 4.338322463702027 
37.0 -3.0 6.10429687985603 
37.0 9.0 3.3326089766988476 
36.0 -64.0 0.0985039177761049 
36.0 -5.0 4.627658641131682 
35.0 -9.0 1.330726157943496 
35.0 -33.0 3.205795191631222 
35.0 15.0 1.1633216460733564 
35.0 -35.0 0.24500463885113177 
35.0 19.0 4.94844733307831 
35.0 -32.0 2.475978622876074 
35.0 16.0 1.5823711056330847 
35.0 -1.0 7.284953598960198 
34.0 -22.0 3.7572834285548584 
34.0 -29.0 2.5391023303263927 
34.0 1.0 1.3976304329156308 
34.0 52.0 0.655337417013957 
34.0 9.0 6.315715417436363 
33.0 10.0 4.859868194621586 
33.0 -46.0 1.0661432793103165 
33.0 -26.0 3.4484109725644307 
33.0 -3.0 4.244588000694494 
32.0 -17.0 4.928029951899671 
32.0 5.0 7.387914314194943 
32.0 -52.0 0.6751957984019175 
32.0 -20.0 4.727875458575448 
32.0 44.0 1.657928046239765 
32.0 2.0 3.325427277205195 
32.0 -8.0 1.0324614879427818 
32.0 -4.0 4.239807440306387 
31.0 -13.0 1.3757440619600603 
31.0 47.0 1.1299703862598376 
31.0 38.0 0.9882823644554728 
31.0 32.0 2.9354283669243975 
30.0 -11.0 0.3194465600397933 
30.0 57.0 0.06425242733210101 
30.0 -38.0 0.7910144838162436 
30.0 28.0 2.4713475662929696 
30.0 -40.0 1.327605499136908 
30.0 -22.0 4.101692793686773 
29.0 26.0 0.25588639401086244 
29.0 -6.0 0.9101259890568203 
29.0 11.0 6.703246383032435 
29.0 1.0 2.0358234139364884 
29.0 -31.0 4.3524559358743 
29.0 -30.0 4.965065276974379 
29.0 17.0 1.5004578554803638 
29.0 4.0 2.1876243766608683 
28.0 31.0 4.497156935073798 
28.0 -26.0 0.8233893674320925 
28.0 -5.0 7.730297124507457 
28.0 27.0 3.339732629343506 
28.0 -36.0 1.2132317721114116 
27.0 -32.0 3.514785851958635 
27.0 -9.0 7.749530134218419 
27.0 -2.0 4.4257741841822185 
27.0 -45.0 1.533084144201502 
27.0 -34.0 1.566727422114722 
27.0 -18.0 6.284693035294442 
27.0 21.0 3.029214401784497 
26.0 28.0 0.45114930508793893 
26.0 33.0 2.1199285525155265 
26.0 35.0 1.3404898101094798 
26.0 51.0 1.421528592297383 
26.0 4.0 6.98665873236326 
25.0 -50.0 1.3746038441107 
25.0 26.0 3.065410833385407 
25.0 4.0 6.872445743745015 
25.0 8.0 3.158399837558834 
25.0 55.0 0.051313503413807915 
25.0 11.0 7.3133977814920925 
25.0 -3.0 6.766277333866699 
25.0 5.0 2.664209296910469 
25.0 1.0 3.272019536972981 
25.0 24.0 1.4042154092345216 
25.0 -15.0 0.5131524726483816 
25.0 -5.0 0.3075190225392266 
25.0 23.0 2.8922992643394263 
24.0 6.0 2.714169089452101 
24.0 -38.0 1.7054474289490695 
24.0 28.0 5.203513162705953 
24.0 31.0 0.5194316703441837 
24.0 -40.0 0.4758782053887467 
24.0 26.0 6.866230094451531 
24.0 6.0 3.364924248536516 
24.0 8.0 7.074308466991641 
24.0 -39.0 1.5301491738792805 
23.0 -26.0 4.347332845364482 
23.0 26.0 4.075088758116352 
23.0 13.0 5.218046160037071 
23.0 5.0 3.3596677901330807 
23.0 19.0 4.494895072809757 
23.0 8.0 4.304187867207543 
23.0 39.0 1.8899377955924335 
22.0 13.0 3.692353268808568 
22.0 3.0 2.5559135177197767 
22.0 -30.0 2.6159573888970833 
22.0 -13.0 6.542092689491574 
22.0 -27.0 2.395630056217568 
22.0 1.0 3.7889299860901504 
22.0 -1.0 1.3743839306777916 
22.0 13.0 2.7901407716587334 
22.0 12.0 2.7051234037328564 
22.0 3.0 3.833132908460102 
22.0 -9.0 3.6837593530985036 
22.0 -11.0 6.31751168817285 
22.0 -26.0 2.967328396131119 
21.0 -19.0 3.717838221806158 
21.0 34.0 5.215878393649787 
21.0 42.0 1.3883484367317456 
21.0 26.0 5.032498067203739 
21.0 -28.0 3.928066057449109 
21.0 -11.0 3.2571877712356256 
21.0 -20.0 8.24914150104139 
20.0 36.0 0.5137767260849913 
20.0 -74.0 0.033381401901011465 
20.0 -19.0 4.517135115979509 
20.0 -33.0 6.0695628533671275 
20.0 64.0 0.3010101853336833 
20.0 27.0 6.606871301319539 
20.0 -49.0 1.8299177240289621 
20.0 -11.0 4.786186829416339 
19.0 30.0 0.8045700383464416 
19.0 -3.0 3.660402782034944 
19.0 37.0 3.2413099632655484 
19.0 59.0 0.4907772759260576 
19.0 -6.0 1.7203681601047904 
19.0 -43.0 1.9041241498829464 
19.0 -53.0 1.1806028475993546 
19.0 13.0 3.4996120640420347 
19.0 -22.0 1.0131221951662495 
19.0 45.0 2.067901602122446 
19.0 35.0 1.217796585974984 
19.0 -7.0 6.067479001549914 
18.0 9.0 4.759382697137826 
18.0 -28.0 0.3632996325118043 
18.0 -35.0 3.4483580805336755 
18.0 -17.0 4.5611127769426 
18.0 24.0 0.039005844356343466 
18.0 32.0 1.5493405466973087 
18.0 13.0 3.4206047665801265 
17.0 -16.0 1.3744228075855958 
17.0 -48.0 0.7791386552000734 
17.0 26.0 3.373223450731655 
17.0 -47.0 0.6291442341563869 
17.0 -30.0 2.2862404248363832 
17.0 19.0 0.29825463370936056 
16.0 -26.0 3.2373932508126257 
16.0 -40.0 3.9302649918180332 
16.0 -23.0 1.5865749514906158 
16.0 16.0 3.7658765136201477 
16.0 26.0 3.3126420419571367 
16.0 3.0 4.521462615076133 
16.0 -30.0 4.040548366665009 
16.0 14.0 0.8765772818339901 
15.0 -21.0 3.2519866010312093 
15.0 37.0 2.5425562939468405 
15.0 -21.0 1.5504962339749628 
15.0 -32.0 5.0667463821663095 
15.0 32.0 1.4675036169904399 
15.0 -26.0 2.951634674220993 
15.0 50.0 0.5030548970725857 
15.0 -19.0 4.576978874895832 
14.0 -39.0 2.003622783619763 
14.0 17.0 4.944677941022491 
14.0 -1.0 1.6768291337447838 
14.0 29.0 7.794067042845687 
14.0 -57.0 1.1754765276394963 
14.0 -25.0 3.588741771026749 
14.0 14.0 3.3099053685343716 
14.0 -26.0 1.3533184801187703 
13.0 32.0 2.8281731248862574 
13.0 -15.0 4.979568740780649 
13.0 -34.0 6.865396592494188 
13.0 36.0 6.196827806369765 
13.0 -16.0 0.7950342933096266 
13.0 30.0 2.4412864202500995 
13.0 17.0 2.887026461359077 
13.0 -54.0 0.8309227828156018 
13.0 24.0 6.0469406045486895 
13.0 -21.0 1.6585393701272766 
13.0 21.0 3.820250421457061 
13.0 -51.0 1.2207771980232707 
13.0 -51.0 0.6555234593559334 
12.0 -39.0 3.7295200809630558 
12.0 -43.0 3.6603831333298364 
12.0 -13.0 4.687483066915132 
12.0 -20.0 7.621435850454605 
12.0 35.0 1.6922846225368993 
12.0 19.0 6.591227595882931 
12.0 37.0 5.986968004656701 
12.0 -17.0 1.0190702027020881 
12.0 -31.0 3.087347119164918 
12.0 -11.0 2.0042828227258003 
11.0 -31.0 3.4516548638152678 
11.0 41.0 0.8270443478113343 
11.0 11.0 0.37690186578276386 
11.0 -24.0 1.55295072952788 
11.0 29.0 0.30584465045258025 
11.0 31.0 7.656677697442604 
11.0 61.0 0.6883206547730891 
10.0 27.0 1.4678943462274052 
10.0 -20.0 6.490872884261645 
10.0 -39.0 0.8742468002485015 
9.0 -7.0 1.0412588982454674 
9.0 38.0 0.6295418098182237 
9.0 -16.0 4.496370648499282 
9.0 -42.0 0.3830964358200184 
9.0 -27.0 0.9891664757175622 
9.0 61.0 0.5203818354133638 
9.0 -21.0 3.7318127110507193 
9.0 -60.0 0.6705086693872264 
9.0 22.0 3.8816012803434274 
8.0 -28.0 3.886061869790569 
8.0 22.0 4.1881418082097 
8.0 49.0 2.4177360114854274 
8.0 25.0 8.127437395082037 
8.0 -22.0 0.8014417544711661 
8.0 12.0 4.470858681846268 
8.0 18.0 1.3639369531066592 
7.0 -36.0 4.736420567389876 
7.0 -35.0 3.6375474764490656 
7.0 42.0 2.3395976567180954 
7.0 67.0 0.00524535353618738 
7.0 -34.0 6.835037342524108 
7.0 -10.0 1.184616446256892 
7.0 46.0 2.3496772129003585 
7.0 35.0 7.273686208995933 
7.0 21.0 7.2759236721338105 
6.0 -49.0 0.13793456798094628 
6.0 49.0 0.5196276998598037 
6.0 -25.0 6.592747666957943 
6.0 -12.0 0.39898318142006506 
6.0 26.0 0.4502361624447726 
5.0 -40.0 4.187153944218203 
5.0 51.0 0.5958603385883832 
5.0 -12.0 2.8851021778411035 
5.0 -14.0 1.2546958482255732 
4.0 48.0 0.18995230840868071 
4.0 -25.0 5.639667056659969 
4.0 -28.0 0.7769918722254632 
4.0 -40.0 4.138004020003194 
3.0 -38.0 3.4608415929747727 
3.0 31.0 4.902945245565116 
3.0 39.0 0.8883698813388907 
3.0 22.0 4.710677398332086 
3.0 -30.0 0.6084651548401432 
3.0 -26.0 6.828760810927315 
3.0 -25.0 4.910078646778504 
3.0 -5.0 0.3086099230699135 
3.0 45.0 3.923725686377777 
3.0 -48.0 1.7881045429848363 
3.0 -44.0 2.002383431044752 
3.0 -54.0 0.3393079309853553 
2.0 8.0 1.310985800570763 
2.0 -22.0 0.8631503611797875 
2.0 -9.0 1.0291215368368745 
2.0 20.0 5.458427076620365 
2.0 63.0 0.45449427660748665 
2.0 -23.0 1.9670643823631595 
2.0 26.0 6.502491163423163 
2.0 45.0 1.0743790645940665 
1.0 -30.0 1.1228713555597736 
1.0 -20.0 4.503209473027292 
1.0 11.0 0.3424211784243125 
1.0 -34.0 5.819863793755098 
1.0 11.0 2.058929957197697 
1.0 -31.0 6.213413356751185 
0.0 31.0 7.317898484072938 
0.0 29.0 3.5863156190442114 
0.0 20.0 0.8896316340591959 
0.0 -35.0 5.39067401301363 
0.0 49.0 2.370726621672148 
0.0 -28.0 2.733731510613846 
0.0 -43.0 4.709209300218786 
-1.0 49.0 1.0421927341157655 
-1.0 23.0 5.894634322832215 
-1.0 -22.0 3.644412623812654 
-1.0 -50.0 1.0417685029356916 
-1.0 30.0 3.4769905756275588 
-1.0 52.0 0.054146393307363816 
-1.0 -24.0 0.02873412546255949 
-1.0 36.0 5.196228479654064 
-1.0 15.0 2.3070895460011176 
-1.0 49.0 0.21218816926482642 
-1.0 -47.0 2.372777658817826 
-2.0 -34.0 4.721020434697243 
-2.0 -28.0 6.011867069381394 
-2.0 -43.0 0.826215242210826 
-2.0 20.0 2.4072436452704515 
-2.0 -37.0 1.0767390362055318 
-2.0 -32.0 7.060670056331153 
-2.0 -14.0 0.7038453207386386 
-3.0 14.0 3.4320166249038886 
-3.0 44.0 4.113226933070702 
-3.0 -39.0 5.37016403463797 
-3.0 32.0 6.6298968967868355 
-3.0 -23.0 2.461314031916073 
-3.0 13.0 2.9187518488958952 
-4.0 -10.0 2.7898002751421958 
-4.0 25.0 2.940093360185081 
-4.0 20.0 1.3389449859897429 
-4.0 -31.0 4.379225685328114 
-4.0 -71.0 0.006739923961940342 
-4.0 62.0 0.1891078742763952 
-4.0 13.0 0.4836444398557127 
-4.0 15.0 4.889939360484874 
-4.0 -35.0 3.687803558122038 
-4.0 30.0 1.6851939923963055 
-4.0 30.0 1.772596276896632 
-5.0 -41.0 3.6225761047559146 
-5.0 31.0 4.2507270642926365 
-5.0 -32.0 0.29028603515524054 
-5.0 29.0 0.14021635809235988 
-5.0 28.0 0.6087529593552521 
-6.0 -12.0 2.9814701994451687 
-6.0 -51.0 2.325825580366203 
-6.0 33.0 2.973820354126633 
-6.0 68.0 0.04861860552163311 
-6.0 13.0 3.415537578498329 
-6.0 22.0 4.2229259661207275 
-6.0 -5.0 1.2968969320164003 
-6.0 -13.0 3.235523385895611 
-7.0 -19.0 6.778060454380674 
-7.0 36.0 2.103792983782826 
-7.0 29.0 3.1705865713890224 
-7.0 -20.0 2.0665810842860344 
-7.0 -32.0 5.881419064901694 
-7.0 10.0 0.5021117893728722 
-7.0 53.0 2.088081944011666 
-7.0 -15.0 2.5245174148582628 
-7.0 -5.0 1.229473456888286 
-7.0 -9.0 1.4420453328891636 
-8.0 20.0 0.8731521986127255 
-8.0 -20.0 5.797533932561216 
-8.0 27.0 1.9172946893367682 
-8.0 19.0 6.029548602695334 
-8.0 -74.0 0.10606173804250663 
-8.0 42.0 2.371365842256279 
-8.0 -30.0 4.882783032144067 
-9.0 -16.0 5.03923938731099 
-9.0 37.0 5.613922755172807 
-9.0 -13.0 3.836857255637538 
-9.0 8.0 0.26537253590119825 
-9.0 2.0 2.116849259797826 
-9.0 5.0 0.40521961112649496 
-9.0 33.0 0.2233885071748487 
-9.0 36.0 5.9840951012404275 
-9.0 60.0 0.29039201671254844 
-10.0 -18.0 5.703965994226734 
-10.0 -40.0 0.020172096321768862 
-10.0 16.0 1.5294784073911494 
-10.0 -42.0 3.806382741783909 
-10.0 -27.0 5.092377436441864 
-10.0 -15.0 4.9787823935874 
-11.0 4.0 2.0001089314281018 
-11.0 0.0 1.982267061664933 
-11.0 15.0 5.205046800863644 
-11.0 44.0 2.3437345971716317 
-11.0 5.0 1.5726214617614032 
-11.0 -1.0 2.9010224414665053 
-11.0 -59.0 0.4016917535046849 
-11.0 44.0 1.2906573518220998 
-12.0 -26.0 3.582778721759272 
-12.0 29.0 5.548498341975128 
-12.0 -21.0 4.639613510334928 
-12.0 -49.0 0.584385417051414 
-12.0 35.0 0.6748694694284074 
-12.0 24.0 0.9827781489197829 
-12.0 -29.0 6.634078682840383 
-12.0 30.0 1.8965428823630726 
-12.0 17.0 0.6336696583517654 
-12.0 -13.0 2.421132111924962 
-13.0 22.0 5.1760269116327695 
-13.0 -21.0 6.561716850677302 
-13.0 -58.0 1.0491501055510666 
-14.0 28.0 4.427941130368485 
-14.0 -34.0 1.8504935715061288 
-14.0 -14.0 5.144611797817111 
-14.0 45.0 1.4765850527094226 
-15.0 -28.0 7.350940775250114 
-15.0 -20.0 3.083199871687148 
-15.0 35.0 4.676611199854186 
-15.0 15.0 0.34458724302521837 
-15.0 -26.0 2.5044713612094593 
-16.0 13.0 6.111091172007144 
-16.0 -27.0 4.2059422385146705 
-16.0 -4.0 3.2367741133232375 
-16.0 31.0 5.476787921741 
-16.0 39.0 2.0132213176424774 
-16.0 -30.0 1.8889604780535363 
-16.0 51.0 0.6712744303557505 
-17.0 -3.0 1.6169584948521054 
-17.0 -26.0 1.6729895945165607 
-17.0 -20.0 0.18364615679788976 
-17.0 7.0 3.525773194283932 
-17.0 -14.0 0.45497702984731436 
-17.0 27.0 7.4460579015439565 
-17.0 57.0 0.5368668243622698 
-17.0 40.0 0.7496659393775307 
-17.0 -8.0 2.941788564276071 
-17.0 -18.0 1.3224499935937661 
-17.0 -27.0 0.39160609719368633 
-18.0 62.0 0.08834104460742065 
-18.0 8.0 3.2046226004789347 
-18.0 0.0 4.303681120037317 
-18.0 -3.0 5.7487202065718 
-18.0 38.0 2.9058411960906083 
-18.0 -22.0 8.066376554403455 
-19.0 -49.0 1.516641074771119 
-19.0 -5.0 0.5500830200847462 
-19.0 -33.0 3.3129325932981235 
-19.0 17.0 1.7591876447093924 
-19.0 10.0 6.34158717727229 
-19.0 -27.0 7.608891532904116 
-19.0 -9.0 3.6093715268777915 
-19.0 13.0 0.8539708487614872 
-19.0 37.0 3.5636927704686405 
-19.0 -55.0 1.103819964219599 
-19.0 19.0 5.765995844277505 
-19.0 -40.0 1.998956003021024 
-19.0 -39.0 0.5951430821266035 
-19.0 60.0 0.28218309711713907 
-20.0 -30.0 2.262616946801299 
-20.0 -36.0 5.638894895140689 
-20.0 24.0 4.409663846017264 
-20.0 -24.0 1.1044843502141521 
-20.0 -40.0 3.082485285374137 
-20.0 17.0 7.36025523374173 
-20.0 4.0 4.278662049314597 
-20.0 -45.0 2.3613324182867323 
-21.0 -32.0 1.6856650734078382 
-21.0 -55.0 1.1493834222846555 
-21.0 11.0 2.104042398509476 
-21.0 -52.0 1.2958186982796605 
-21.0 35.0 5.118430815974406 
-21.0 11.0 0.6662772433476682 
-21.0 -40.0 1.3283043520443405 
-21.0 32.0 6.148864688603983 
-21.0 -13.0 3.441538722647852 
-21.0 -4.0 4.380842261033635 
-21.0 42.0 1.311436135822075 
-21.0 -17.0 5.700930848606345 
-21.0 -47.0 2.2865085685725983 
-21.0 -45.0 1.6012128221676303 
-21.0 8.0 3.6050736806070294 
-22.0 -8.0 1.771462390101397 
-22.0 2.0 4.489295629552803 
-22.0 -31.0 0.9548274257981104 
-22.0 -24.0 1.1881905056951858 
-22.0 35.0 0.45563132846859755 
-22.0 -9.0 1.292315510084019 
-22.0 -1.0 6.698899991749219 
-22.0 16.0 3.989138695301153 
-23.0 -16.0 2.0413085900948813 
-23.0 -54.0 0.03925790946746055 
-23.0 -18.0 3.0952496778596794 
-23.0 -16.0 7.4427659778699695 
-23.0 -9.0 0.3060800232850269 
-23.0 9.0 4.501415301324863 
-23.0 -22.0 1.3615288669239778 
-24.0 -31.0 1.125837852943623 
-24.0 21.0 2.4449390245634417 
-24.0 -23.0 1.2545058710602408 
-24.0 -18.0 0.2583540220807423 
-24.0 9.0 1.6885747622314984 
-24.0 51.0 1.01909856865523 
-24.0 2.0 7.813721067025048 
-24.0 -17.0 7.213907044833268 
-24.0 -8.0 5.8002854730712095 
-24.0 -20.0 0.030300771098557 
-24.0 49.0 0.6554963515948975 
-25.0 -1.0 4.7601479055215945 
-25.0 46.0 2.216887574475468 
-25.0 -25.0 4.093075441044758 
-25.0 -19.0 0.6260869260088509 
-25.0 -22.0 3.95624318865917 
-25.0 29.0 2.753814393195997 
-26.0 -21.0 0.34421180863497547 
-26.0 18.0 2.2196576729092143 
-26.0 50.0 0.1650641630809302 
-26.0 39.0 1.3959307680707633 
-26.0 12.0 4.486605668066468 
-26.0 -9.0 4.696729434760849 
-26.0 -69.0 0.13605334511790357 
-26.0 -54.0 0.7607023895542797 
-26.0 20.0 1.5370639783567341 
-27.0 36.0 3.710237026809393 
-27.0 -4.0 6.034783422285583 
-27.0 21.0 0.7132242765102159 
-27.0 21.0 7.126311422876452 
-27.0 3.0 5.624011174225951 
-27.0 -38.0 2.9197077450506814 
-27.0 -46.0 0.4062614590910618 
-28.0 26.0 4.111238748913393 
-28.0 3.0 2.071317155113661 
-28.0 10.0 2.9706756476145513 
-28.0 2.0 5.055487587297014 
-28.0 -36.0 1.9253732824816572 
-28.0 -8.0 1.5237340611103933 
-28.0 -9.0 5.0605085576608255 
-29.0 -10.0 3.0848064334237923 
-29.0 -14.0 6.8894653031778 
-29.0 -39.0 0.162670719865754 
-29.0 -40.0 2.743367134502961 
-29.0 -4.0 6.793471358997882 
-29.0 -10.0 5.4601953536339565 
-29.0 -5.0 2.715106022836089 
-29.0 -34.0 1.4849796912855817 
-29.0 24.0 6.116837563050592 
-29.0 2.0 2.6647931336444275 
-29.0 -20.0 4.884752429086703 
-30.0 -50.0 0.30412468429696915 
-30.0 50.0 1.0992708550819907 
-30.0 29.0 3.8576702023782605 
-30.0 13.0 2.1171112220932375 
-30.0 34.0 3.9199903825669624 
-30.0 -31.0 2.9669761704581576 
-30.0 -32.0 2.627831687793125 
-31.0 28.0 5.456365859280887 
-31.0 -6.0 5.54030104211356 
-31.0 3.0 4.518845205988553 
-31.0 2.0 3.903212493918118 
-31.0 27.0 5.232790816337207 
-31.0 -11.0 6.79860626998785 
-32.0 5.0 6.349237747306891 
-32.0 9.0 1.3502125976937451 
-32.0 -6.0 6.021256324142077 
-32.0 -22.0 2.7193499748572325 
-32.0 26.0 2.450438057599147 
-33.0 26.0 1.178611525128881 
-33.0 -23.0 5.265850847141373 
-33.0 1.0 5.0976769666835064 
-33.0 -5.0 1.4919742338441733 
-33.0 -29.0 2.945554181192911 
-33.0 -10.0 5.589507408888306 
-33.0 16.0 0.7317905248749312 
-33.0 -4.0 4.918885761426295 
-33.0 -12.0 4.73840440662221 
-33.0 13.0 0.07241280008729589 
-34.0 -32.0 1.5236067524438957 
-34.0 -14.0 2.9106670534468915 
-34.0 27.0 0.8596749926397251 
-34.0 25.0 4.038644004459302 
-34.0 -14.0 4.882474699124062 
-34.0 -13.0 1.1404060638972036 
-34.0 -22.0 2.810746077308357 
-34.0 55.0 0.10135543616052178 
-34.0 -14.0 6.447160801642315 
-35.0 5.0 6.7887273983923135 
-35.0 4.0 2.834792060405933 
-35.0 21.0 4.522166130382921 
-35.0 20.0 4.839326922163378 
-36.0 14.0 3.409901533628301 
-36.0 -10.0 4.895366890620978 
-36.0 -22.0 3.3555360782526744 
-36.0 -18.0 2.0179095865229257 
-36.0 -29.0 1.5984490975570198 
-37.0 -17.0 1.686812950151939 
-37.0 3.0 1.6380786883495313 
-37.0 27.0 2.155995126007282 
-37.0 -1.0 2.879053014702704 
-37.0 16.0 1.4761831263726544 
-37.0 11.0 5.125152710242498 
-38.0 12.0 1.3616914663276969 
-38.0 16.0 3.0972834861815457 
-38.0 -5.0 0.6483527114982124 
-38.0 -33.0 1.4518406439446574 
-38.0 1.0 4.1813847214622335 
-38.0 -16.0 2.370295540873313 
-38.0 -44.0 0.5120753895251351 
-39.0 -33.0 0.30951392908906694 
-39.0 -6.0 4.366164711182008 
-39.0 10.0 3.832865427859433 
-39.0 44.0 0.1372032808795165 
-39.0 32.0 1.2299022957781292 
-39.0 -9.0 5.8394190469063245 
-40.0 -10.0 0.927348316030252 
-40.0 -24.0 0.9394398728019837 
-40.0 2.0 0.19394829351271348 
-41.0 21.0 2.000250425374883 
-41.0 1.0 0.1314884224593582 
-41.0 11.0 4.448879054131716 
-42.0 24.0 0.14184994649468763 
-42.0 30.0 2.1444483101682454 
-42.0 -27.0 2.016850622676869 
-43.0 -35.0 1.402465486522897 
-43.0 -24.0 0.35543439170393487 
-43.0 7.0 3.427581574363403 
-43.0 -22.0 1.24715958136834 
-43.0 -7.0 4.073286688793032 
-44.0 -2.0 2.112149427052068 
-44.0 -7.0 1.6826785367138886 
-45.0 -25.0 1.3068114389893637 
-45.0 1.0 3.5831703038912144 
-45.0 -7.0 3.8338498608543325 
-46.0 -18.0 1.7298093317941188 
-47.0 11.0 2.6799729480397882 
-47.0 9.0 0.9274210479522926 
-48.0 -36.0 0.3218972798180175 
-48.0 -6.0 0.9712792216276522 
-48.0 44.0 0.4970694902322048 
-49.0 -46.0 0.2814111780602424 
-49.0 -14.0 2.565089295734513 
-50.0 2.0 1.528279623514761 
-50.0 8.0 0.41159614785279963 
-51.0 -13.0 2.350278307217901 
-52.0 -13.0 0.5120993331009238 
-53.0 28.0 0.7054033955793404 
-54.0 21.0 1.1625691626920842 
-54.0 -1.0 2.008847470245434 
-54.0 -3.0 0.15407383292709298 
-55.0 28.0 0.771444998968196 
-55.0 21.0 0.5443901244388538 
-57.0 15.0 0.4644567401917987 
-59.0 -13.0 0.29861889333715474 
-60.0 -6.0 0.5757207254563079 
-61.0 -27.0 0.2752143810352825 
-62.0 -39.0 0.11953726956270838 
-64.0 0.0 0.4868588037514332 
-66.0 22.0 0.29908348245399896 
-70.0 -9.0 0.08162745860096354 
