34.0 8.0 0.008393519029481489 
31.0 17.0 0.013979167281741312 
30.0 3.0 0.9938373326279226 
29.0 -9.0 0.7565472054675837 
28.0 4.0 2.197955116078898 
28.0 -2.0 1.8332459724126338 
28.0 -8.0 1.7525031060512397 
28.0 11.0 0.8785373625637138 
27.0 1.0 1.0052250679792873 
27.0 -4.0 2.614708528145271 
25.0 -1.0 0.7785011036250955 
25.0 5.0 4.339566370245018 
24.0 2.0 0.18310199132631766 
24.0 -9.0 1.1633250269835749 
24.0 9.0 3.27375197415547 
24.0 -2.0 1.1483188476820727 
24.0 6.0 3.842503922094953 
23.0 -10.0 1.2841841975563817 
23.0 5.0 2.124042831090911 
23.0 2.0 4.9388319458210095 
23.0 -27.0 0.006931305523871778 
23.0 6.0 5.922400620459345 
22.0 5.0 8.602187464411548 
22.0 6.0 10.426343717643283 
22.0 8.0 2.8896500599191466 
22.0 10.0 0.3503868920492481 
22.0 3.0 5.2272282059699915 
21.0 -23.0 0.736017978440251 
21.0 -13.0 4.978989386016708 
21.0 -13.0 2.551965814577839 
21.0 1.0 1.6013105828246443 
21.0 -2.0 12.203984726221307 
20.0 0.0 12.502751134472302 
20.0 5.0 14.719682838171488 
20.0 -8.0 11.445449222747595 
20.0 -3.0 0.5186309250654331 
20.0 13.0 0.7258100497471442 
20.0 -11.0 0.5914866155826148 
20.0 -7.0 11.51540026042397 
19.0 4.0 22.270701913879808 
19.0 18.0 0.6388544926290152 
19.0 -16.0 4.091369561896596 
19.0 -1.0 9.930346902837783 
19.0 -7.0 10.08605583921085 
19.0 -6.0 8.258302616480307 
18.0 2.0 17.414276344839497 
18.0 -10.0 8.54987232808857 
18.0 10.0 3.0653561340755475 
18.0 8.0 15.544392330777313 
18.0 0.0 17.45040064940262 
18.0 19.0 3.669626024107142 
18.0 5.0 17.04136626579167 
18.0 9.0 3.8446525500174245 
18.0 -9.0 17.653785150460564 
18.0 -2.0 26.935538195105522 
18.0 1.0 29.16340469112677 
17.0 15.0 10.296501377320077 
17.0 -17.0 5.575922121597854 
17.0 14.0 7.200245849279807 
17.0 1.0 31.3315184308961 
17.0 12.0 16.700868694219718 
17.0 -8.0 4.775207783917934 
16.0 -8.0 15.168856882030957 
16.0 4.0 18.35566077590711 
16.0 10.0 1.7497124099400407 
16.0 -2.0 27.717791552621108 
16.0 -6.0 14.411909072213792 
16.0 2.0 15.672566823810797 
16.0 -5.0 26.6284660461219 
16.0 9.0 10.51648789242654 
16.0 9.0 18.994123621730253 
16.0 -7.0 15.646353530565648 
16.0 -17.0 1.9279549266546514 
16.0 3.0 5.382659901029374 
15.0 -5.0 30.162276241206044 
15.0 -7.0 33.51889308904887 
15.0 11.0 16.809527763888997 
15.0 0.0 2.087294958784791 
15.0 14.0 0.7271952083651723 
15.0 0.0 15.761285682862836 
15.0 -1.0 25.93190767918907 
15.0 3.0 31.90241285821127 
15.0 15.0 14.060804649361213 
15.0 -2.0 33.74870569867638 
15.0 9.0 17.226011246675444 
15.0 -3.0 35.408427633966234 
15.0 10.0 14.678893956131422 
15.0 3.0 35.18653817057249 
15.0 -20.0 2.0228712057719367 
14.0 -11.0 9.59568342152517 
14.0 1.0 31.7594775880401 
14.0 11.0 25.307886730093543 
14.0 4.0 13.234042509351118 
14.0 6.0 17.482103004426985 
14.0 9.0 25.934812344613366 
14.0 2.0 33.223494187204274 
14.0 -11.0 25.76930293953794 
14.0 4.0 18.13636161640575 
14.0 -8.0 24.652226340847406 
14.0 -13.0 9.4831716673921 
14.0 -19.0 4.466057193892148 
14.0 1.0 10.884760506255864 
14.0 -7.0 4.043366007791316 
14.0 6.0 15.869404468307092 
14.0 -15.0 16.75063075594485 
13.0 -11.0 7.924103445611563 
13.0 7.0 36.38382348020741 
13.0 -24.0 2.2997567899841753 
13.0 6.0 17.800110228323508 
13.0 -8.0 26.547678777461 
13.0 10.0 10.664345455368096 
13.0 19.0 4.927584985705447 
13.0 6.0 21.242048930114386 
13.0 -8.0 27.824860058048184 
13.0 11.0 16.798349681214077 
13.0 -13.0 17.19102042985643 
13.0 5.0 13.768062352326528 
13.0 4.0 13.83025046023656 
13.0 -1.0 25.103914080419564 
13.0 -8.0 36.43407749205241 
13.0 0.0 33.41161322599984 
13.0 2.0 10.157654892520295 
13.0 1.0 10.177671244717136 
13.0 14.0 16.342932930981767 
13.0 -14.0 20.25830323114297 
12.0 9.0 6.08520330362472 
12.0 -2.0 5.644054889091477 
12.0 11.0 29.782802310337807 
12.0 -8.0 2.3900469572055716 
12.0 7.0 16.13988879463435 
12.0 -15.0 6.6813549351737445 
12.0 21.0 3.5156791393451403 
12.0 -4.0 39.79893307417781 
12.0 18.0 0.030359963101411758 
12.0 7.0 39.959705987099746 
12.0 0.0 36.79104583871495 
12.0 14.0 19.164863583764678 
12.0 1.0 37.60310548545021 
12.0 4.0 45.94735346695678 
12.0 10.0 6.042336626789768 
12.0 4.0 7.807481932366911 
12.0 3.0 17.964475604713037 
12.0 19.0 1.7787485335182263 
12.0 -23.0 3.2743199339262397 
12.0 -1.0 20.13483659358839 
12.0 -9.0 20.34291803082555 
11.0 -17.0 3.4289977757763213 
11.0 -6.0 21.85577832702301 
11.0 -19.0 12.517791916401011 
11.0 -3.0 1.6171532806956712 
11.0 -7.0 35.743707297859586 
11.0 -11.0 24.33579413251552 
11.0 -8.0 26.985701637399885 
11.0 11.0 21.045991123202267 
11.0 -9.0 4.615334984342523 
11.0 4.0 21.320042314193486 
11.0 -4.0 20.933157642171185 
11.0 -7.0 10.956768249115733 
11.0 -8.0 17.684356824309354 
11.0 6.0 18.194614418002853 
10.0 21.0 0.21739046911173343 
10.0 -11.0 28.077568041032453 
10.0 -13.0 2.8022154467226557 
10.0 32.0 0.31238712333303553 
10.0 14.0 32.023605676929634 
10.0 12.0 25.04755643814194 
10.0 -11.0 41.54122858970033 
10.0 15.0 5.903718958843451 
10.0 8.0 37.146191990179986 
10.0 -6.0 12.780339477577396 
10.0 18.0 0.9152576784612343 
10.0 13.0 5.246524236939831 
10.0 3.0 0.20181889540815678 
10.0 -12.0 20.15693934435314 
10.0 0.0 35.78375789750054 
10.0 -7.0 21.482410746314073 
9.0 -7.0 5.941236921442328 
9.0 10.0 24.58187725154437 
9.0 9.0 0.31668121113614944 
9.0 -5.0 3.9456401421128495 
9.0 -17.0 23.755320735450724 
9.0 -9.0 18.54182416400574 
9.0 7.0 23.896042556163287 
9.0 12.0 15.547006145285923 
9.0 0.0 27.3305689753347 
9.0 29.0 0.83356293326875 
9.0 18.0 8.809224182177221 
9.0 -11.0 5.611237074077957 
9.0 15.0 25.69219190579608 
9.0 15.0 27.50806796782401 
9.0 2.0 40.13558463668432 
9.0 17.0 5.808681864617471 
9.0 11.0 15.732381529303453 
9.0 9.0 43.28224045586771 
9.0 -1.0 18.554380817483285 
9.0 -23.0 1.955670480643712 
9.0 12.0 4.704082975491519 
9.0 6.0 17.21274112760596 
9.0 3.0 19.118293608124006 
8.0 -10.0 19.21444401440131 
8.0 12.0 18.441978891441725 
8.0 -14.0 24.915767888840755 
8.0 -13.0 8.869157804735629 
8.0 9.0 31.74300838741018 
8.0 -3.0 9.572898528347086 
8.0 -14.0 13.122915616404441 
8.0 -11.0 24.107082583472163 
8.0 -7.0 14.859159669206479 
8.0 -12.0 5.023886462575455 
8.0 15.0 4.075924442982659 
8.0 -6.0 10.777129566652555 
8.0 -19.0 13.441526346220755 
8.0 5.0 9.381830231971367 
8.0 -17.0 6.381757886034123 
8.0 -11.0 5.2378084733335495 
8.0 -7.0 38.88332470630829 
8.0 -3.0 24.092057042366722 
8.0 -9.0 0.5636540500181253 
8.0 15.0 27.939950833214986 
7.0 -31.0 0.49439048470234503 
7.0 -15.0 21.334199142743927 
7.0 -5.0 10.559250393470275 
7.0 -11.0 37.33034321536122 
7.0 -10.0 44.07174350724097 
7.0 -6.0 19.88091198750208 
7.0 8.0 12.17659507050839 
7.0 25.0 3.2142083172624902 
7.0 3.0 8.620550372829827 
7.0 -19.0 19.590016909318496 
6.0 16.0 33.13434323850195 
6.0 10.0 34.20285254787381 
6.0 -1.0 1.673794388628358 
6.0 -15.0 20.090463327166354 
6.0 8.0 5.400392502162621 
6.0 -18.0 22.876765716666412 
6.0 -22.0 10.519577109302514 
6.0 7.0 39.38326021622041 
6.0 -5.0 14.648316271730133 
6.0 -15.0 5.885182806450784 
6.0 -11.0 44.11730722555507 
6.0 14.0 15.840766529363727 
6.0 -6.0 31.66154932398213 
6.0 -9.0 27.93658936482879 
6.0 18.0 19.299135644050615 
6.0 -13.0 18.497805560387825 
6.0 13.0 36.35548032420566 
6.0 15.0 8.667211192350921 
6.0 -15.0 32.218302729381755 
6.0 -17.0 29.132581158355485 
6.0 -3.0 7.6373185308941105 
6.0 5.0 24.23608999915039 
5.0 8.0 29.51038657727323 
5.0 8.0 4.384629011511598 
5.0 11.0 7.188335795491274 
5.0 -17.0 28.460820319331393 
5.0 -6.0 32.831101668563065 
5.0 -10.0 32.25358832579006 
5.0 -2.0 18.625934529557853 
5.0 11.0 29.759577692108795 
5.0 21.0 4.7517260947038675 
5.0 15.0 26.249652505896726 
5.0 -10.0 40.340412848210995 
5.0 20.0 13.876467914802571 
5.0 13.0 33.998871154203414 
5.0 7.0 13.352041159858107 
5.0 4.0 15.836343662469332 
5.0 -14.0 31.660648886312927 
5.0 -19.0 16.848299350404105 
5.0 -18.0 16.495014677274543 
5.0 17.0 25.28937231826045 
4.0 5.0 23.34272528857717 
4.0 -9.0 21.048711467129056 
4.0 -22.0 1.3090145660857866 
4.0 12.0 9.672855496503319 
4.0 -1.0 11.57064397255214 
4.0 8.0 36.59364127046116 
4.0 24.0 0.25006105942737555 
4.0 11.0 22.83336753598375 
4.0 -16.0 5.318190648815113 
4.0 14.0 27.345073100604743 
4.0 -15.0 7.49030808806983 
4.0 -7.0 28.374842858620685 
3.0 -10.0 0.8778346175888352 
3.0 -18.0 12.85802117878243 
3.0 8.0 1.609609033913273 
3.0 12.0 13.644492080476134 
3.0 11.0 6.513904399506054 
3.0 -10.0 3.30969825856553 
3.0 8.0 28.006359322715667 
3.0 11.0 41.997662466103925 
3.0 -10.0 37.282862446757825 
3.0 11.0 16.88075683189405 
3.0 28.0 0.040683190367429845 
3.0 3.0 9.144662575442108 
3.0 9.0 31.688709116774348 
3.0 -10.0 40.95159071805876 
3.0 -3.0 5.944276048978403 
3.0 -8.0 12.87842413551199 
3.0 -15.0 38.863357771689365 
3.0 18.0 12.194840837238319 
2.0 25.0 1.96451374091966 
2.0 13.0 32.687459961220355 
2.0 5.0 1.5190138420616561 
2.0 -15.0 13.875083515908159 
2.0 -8.0 0.582934752874964 
2.0 -18.0 2.254667150834555 
2.0 10.0 3.530277527677761 
2.0 -10.0 24.103741128490007 
2.0 8.0 11.861817947311337 
2.0 10.0 43.52402751237739 
2.0 -8.0 10.687962028375853 
2.0 15.0 23.07084758353195 
2.0 -18.0 10.338247836251035 
2.0 -11.0 35.15803315408672 
2.0 17.0 2.134099635958342 
1.0 7.0 9.411649660848731 
1.0 -6.0 3.4568829067394002 
1.0 -7.0 12.105156427217656 
1.0 14.0 14.888525811484588 
1.0 -10.0 30.35561120499597 
1.0 6.0 19.64003077522525 
1.0 -17.0 7.604949883374235 
1.0 4.0 11.128819489306995 
1.0 13.0 2.523231087991795 
1.0 -16.0 32.07249576111304 
1.0 9.0 14.455667768310754 
1.0 -15.0 39.28165673134521 
1.0 25.0 0.494148836988062 
1.0 -19.0 6.883443200137562 
1.0 -21.0 8.125495305355335 
1.0 -6.0 6.609231421356054 
1.0 13.0 29.697770589822593 
1.0 7.0 19.217070970351855 
1.0 -27.0 2.8399935643198537 
1.0 -14.0 24.48384728674413 
1.0 15.0 18.731420642551843 
1.0 1.0 1.5503629290836152 
1.0 -13.0 35.330485446944614 
1.0 -13.0 13.183137095874486 
1.0 -9.0 5.855437468418323 
0.0 -8.0 22.821983193536568 
0.0 -16.0 19.712682408292714 
0.0 9.0 2.6837178320808786 
0.0 13.0 20.214207476512257 
0.0 -14.0 31.238948717662083 
0.0 17.0 17.374811687489444 
0.0 13.0 10.947531965219358 
0.0 -17.0 7.133993406271855 
0.0 22.0 0.5408784269016476 
0.0 13.0 14.661383561184405 
0.0 -3.0 1.3231649274311197 
0.0 -15.0 23.61579883790299 
0.0 -14.0 20.282343938734073 
0.0 -5.0 4.779258415748999 
0.0 19.0 6.548962564620564 
0.0 -9.0 13.064990309123337 
0.0 8.0 16.958209994960892 
-1.0 8.0 12.150746356095032 
-1.0 6.0 0.4424778193178325 
-1.0 5.0 6.705894803417989 
-1.0 16.0 33.18301859676143 
-1.0 -12.0 26.75375739579455 
-1.0 -6.0 20.479984221934423 
-1.0 -10.0 3.0247840491752775 
-1.0 13.0 23.096443182560655 
-1.0 -15.0 6.771494024944702 
-1.0 -7.0 15.86712912703858 
-1.0 14.0 16.897175915195128 
-1.0 -25.0 1.0934843351025902 
-1.0 11.0 13.769558705536644 
-1.0 -18.0 18.739509964591505 
-1.0 23.0 4.943559621708116 
-1.0 -9.0 22.72121521104009 
-1.0 -18.0 11.08484821861122 
-1.0 8.0 7.223076707524867 
-1.0 -8.0 3.929662924622712 
-1.0 -6.0 10.210392614958263 
-2.0 11.0 34.864893207205874 
-2.0 18.0 27.439189522963424 
-2.0 13.0 8.366971284417769 
-2.0 7.0 1.5826035296530039 
-2.0 12.0 41.9820479344728 
-2.0 -22.0 13.026331132033441 
-2.0 11.0 40.94158480356636 
-2.0 -14.0 13.92972625577027 
-2.0 -15.0 36.91856848654973 
-2.0 4.0 8.458565766896964 
-2.0 12.0 29.24310877154024 
-2.0 17.0 3.602873374113802 
-2.0 4.0 9.077470293224032 
-2.0 13.0 14.743947516784539 
-2.0 12.0 17.441467553944044 
-2.0 -7.0 31.206553038779617 
-2.0 -12.0 45.76489231253888 
-3.0 -22.0 1.0486423731820294 
-3.0 -18.0 14.214931283471177 
-3.0 -13.0 12.237752537935354 
-3.0 -8.0 16.633055794715634 
-3.0 15.0 20.93328252047788 
-3.0 -16.0 24.637330703263572 
-3.0 -10.0 37.67216810424112 
-3.0 -14.0 25.271381194383657 
-3.0 -20.0 11.935549312236727 
-3.0 -9.0 24.346460652156733 
-3.0 25.0 6.12410063720914 
-3.0 22.0 6.073886036942366 
-3.0 13.0 3.1821303951281577 
-3.0 18.0 8.729763245446831 
-3.0 -7.0 30.6335714891971 
-3.0 24.0 5.86446678913044 
-3.0 -19.0 18.03887260574999 
-3.0 -16.0 29.882212246329587 
-4.0 13.0 23.967127143837086 
-4.0 -15.0 21.297255822539718 
-4.0 -8.0 10.885004901374229 
-4.0 -7.0 0.1637783794665726 
-4.0 -1.0 12.333739328268534 
-4.0 -4.0 9.468103151579088 
-4.0 11.0 35.60973031200809 
-4.0 -8.0 17.612042017234543 
-4.0 -3.0 5.3913470565939425 
-4.0 4.0 7.953576068981061 
-4.0 -14.0 15.155470062160003 
-4.0 -5.0 13.646421407135012 
-4.0 -12.0 12.893626690895 
-4.0 11.0 27.517655581952404 
-4.0 20.0 4.625101253733721 
-5.0 -14.0 15.23784946544049 
-5.0 -6.0 33.13364288292553 
-5.0 -7.0 8.54984173968376 
-5.0 9.0 14.348696874458167 
-5.0 14.0 25.846440043748476 
-5.0 8.0 21.870806502739537 
-5.0 -5.0 5.548152268855411 
-5.0 -14.0 40.519343005074425 
-5.0 9.0 18.008398559203886 
-5.0 10.0 44.61502128181705 
-5.0 15.0 8.881650367520532 
-5.0 11.0 12.469118592725593 
-5.0 -2.0 3.6876054441881134 
-5.0 19.0 16.343761349321806 
-6.0 12.0 36.019506441210105 
-6.0 4.0 1.9621810916476967 
-6.0 -13.0 29.754839114876862 
-6.0 -8.0 35.527498005194616 
-6.0 -21.0 0.009793050022466332 
-6.0 8.0 30.299971190428042 
-6.0 11.0 4.648360336185653 
-6.0 8.0 38.29391540973936 
-6.0 11.0 13.244530600269755 
-6.0 5.0 1.522125975639388 
-6.0 -19.0 9.611140073666258 
-7.0 5.0 34.86969460661127 
-7.0 -11.0 31.128201714192617 
-7.0 -14.0 28.495616197347083 
-7.0 16.0 3.9828133275653377 
-7.0 -14.0 10.88344024077803 
-7.0 14.0 16.870093393372308 
-7.0 -16.0 21.328984154905694 
-7.0 11.0 7.437203565634709 
-7.0 6.0 27.629684424952504 
-7.0 -11.0 26.150622227038568 
-7.0 -11.0 34.989007777338266 
-7.0 9.0 22.426170931063695 
-7.0 6.0 8.724973077790521 
-7.0 -2.0 20.388259956759303 
-7.0 9.0 1.0643253728366275 
-7.0 13.0 3.53988634259661 
-7.0 -14.0 30.545743270817827 
-7.0 -19.0 3.4520789273839725 
-7.0 5.0 32.949565488015644 
-7.0 -16.0 4.6683431348436555 
-8.0 -9.0 11.955696189384968 
-8.0 -14.0 19.774663867418884 
-8.0 -11.0 42.90901202072783 
-8.0 -15.0 4.738081494076618 
-8.0 16.0 13.869918582973595 
-8.0 11.0 11.22481402364539 
-8.0 -6.0 3.5235583338201204 
-8.0 -14.0 14.890784732753293 
-8.0 -5.0 24.486166297523425 
-8.0 14.0 22.16308555498292 
-8.0 13.0 37.66351436660498 
-8.0 -3.0 16.336445446600067 
-8.0 16.0 19.769829058115306 
-8.0 -4.0 10.678643151863954 
-8.0 -12.0 38.67454481666444 
-8.0 15.0 11.459755822705976 
-8.0 9.0 10.379331657236591 
-8.0 0.0 12.819678075456142 
-8.0 26.0 1.8568033277874818 
-8.0 9.0 41.8498404061628 
-8.0 -18.0 18.493045346768543 
-8.0 12.0 28.22513951762684 
-8.0 -1.0 36.505789186940476 
-8.0 8.0 10.9028868491291 
-8.0 -19.0 12.24140036783561 
-8.0 1.0 25.41283358185542 
-8.0 -7.0 32.40609881077883 
-8.0 -7.0 30.55801654363821 
-9.0 0.0 17.936116741112507 
-9.0 -7.0 21.916919485827968 
-9.0 20.0 5.495950822962725 
-9.0 -8.0 6.76240953868068 
-9.0 20.0 9.803107547016964 
-9.0 14.0 27.06205737193612 
-9.0 3.0 36.01537511955577 
-9.0 15.0 1.4943093215517012 
-9.0 -9.0 42.23798528288414 
-9.0 -19.0 3.961709719915496 
-9.0 -4.0 19.222544062810876 
-9.0 11.0 0.3877840597321658 
-9.0 -6.0 19.169736495968426 
-9.0 -9.0 38.190361839388174 
-9.0 -9.0 27.096752417650638 
-10.0 0.0 20.057826007613635 
-10.0 17.0 5.851918094071595 
-10.0 -21.0 0.9843899317429905 
-10.0 11.0 38.600556390516736 
-10.0 -15.0 4.004944554946932 
-10.0 0.0 14.184499926127469 
-10.0 19.0 5.25477628006199 
-10.0 -14.0 12.173101328268544 
-10.0 0.0 37.6164635829721 
-10.0 11.0 30.591616304784463 
-10.0 11.0 14.06939337822899 
-10.0 -24.0 3.0314946008845878 
-10.0 6.0 25.174496781736554 
-10.0 -13.0 15.325825912235413 
-10.0 17.0 20.000894978796204 
-10.0 3.0 40.54615667121864 
-10.0 16.0 13.908034444273687 
-10.0 -8.0 42.669678258221765 
-10.0 8.0 45.94874053728415 
-10.0 -1.0 32.26415378836356 
-10.0 17.0 4.736533040762381 
-10.0 -5.0 42.04199958443744 
-10.0 4.0 7.223314729145391 
-10.0 15.0 28.22495131458369 
-10.0 6.0 8.80633728506519 
-10.0 4.0 4.653065815934387 
-10.0 0.0 35.22341841375132 
-10.0 -1.0 10.684837337322284 
-10.0 27.0 1.1573305075787133 
-10.0 10.0 28.5043291741357 
-10.0 -4.0 0.23717653769761426 
-11.0 0.0 38.49894770923568 
-11.0 19.0 9.993949188231266 
-11.0 -1.0 10.169238702358975 
-11.0 9.0 11.842137958742116 
-11.0 -1.0 2.4651975676127647 
-11.0 13.0 9.708576034357375 
-11.0 2.0 12.62320836330133 
-11.0 -1.0 26.622956947717768 
-11.0 -8.0 6.612334118021201 
-11.0 -6.0 41.104597142757605 
-11.0 -5.0 7.009392937056935 
-11.0 1.0 33.317462810653396 
-11.0 17.0 11.67044198050049 
-11.0 1.0 8.331060221932972 
-11.0 -8.0 36.91012611499589 
-11.0 -8.0 23.998086634732573 
-11.0 10.0 15.44708053583388 
-11.0 -2.0 39.23675814247163 
-11.0 -8.0 36.40933642540245 
-11.0 2.0 9.745409269667382 
-11.0 -7.0 7.404347819752521 
-11.0 -2.0 18.577815196575422 
-11.0 -11.0 30.53625638402324 
-11.0 -2.0 28.268835095018986 
-11.0 -1.0 30.37631064936086 
-12.0 -1.0 16.437383018196194 
-12.0 11.0 29.267524590291806 
-12.0 -7.0 25.618622892311983 
-12.0 9.0 28.757906205319152 
-12.0 -3.0 45.52662438026456 
-12.0 -5.0 31.443737820091023 
-12.0 -9.0 16.401508155193035 
-12.0 -15.0 4.161263496989753 
-12.0 4.0 9.744229124490133 
-12.0 -13.0 28.862481431992883 
-12.0 -22.0 3.1518926773319578 
-13.0 -7.0 27.310171780882353 
-13.0 -6.0 34.63016161467814 
-13.0 5.0 13.513421603589704 
-13.0 21.0 2.740555755966323 
-13.0 -8.0 18.62205748813972 
-13.0 3.0 34.079522473082434 
-13.0 -2.0 35.06909967125538 
-13.0 0.0 21.40036122728084 
-13.0 2.0 3.035893212939622 
-13.0 5.0 32.11782563774401 
-13.0 -7.0 9.289571953785991 
-13.0 12.0 10.466806369003102 
-13.0 -3.0 43.308482426178905 
-13.0 -9.0 16.057657291937755 
-14.0 12.0 1.8714887940920466 
-14.0 14.0 0.833965851655516 
-14.0 -11.0 6.039759360805252 
-14.0 0.0 2.8212615731522117 
-14.0 -13.0 3.201941570375233 
-14.0 -24.0 1.7580760711410903 
-14.0 -2.0 1.1724935638761647 
-14.0 -23.0 3.1891171926027306 
-14.0 -6.0 25.057538877528817 
-14.0 10.0 29.358708503264165 
-14.0 -10.0 12.255949620459061 
-15.0 9.0 11.469004820704898 
-15.0 1.0 16.164657452458986 
-15.0 6.0 0.33978400357181915 
-15.0 -11.0 23.706832634753148 
-15.0 4.0 24.01082989384129 
-15.0 -8.0 0.11010422673318754 
-15.0 -5.0 37.955534114908595 
-15.0 -5.0 32.77151782954591 
-15.0 -2.0 8.420183050533826 
-15.0 -9.0 23.654189691282635 
-15.0 -1.0 33.242068597274745 
-16.0 0.0 31.5215561283374 
-16.0 17.0 2.219115962400098 
-16.0 -7.0 17.696991294066432 
-16.0 15.0 13.526716802972683 
-16.0 0.0 17.499879558392163 
-16.0 0.0 23.49942131339644 
-16.0 1.0 13.406995106040043 
-16.0 -3.0 17.991273246242166 
-16.0 3.0 31.40604070152042 
-16.0 5.0 5.068646947374633 
-16.0 -19.0 4.700246909025818 
-16.0 -2.0 20.12269790590593 
-16.0 5.0 3.1530587846774205 
-16.0 11.0 5.144501230407994 
-16.0 15.0 1.152689774299609 
-17.0 -12.0 8.127085942280953 
-17.0 7.0 5.304031938891285 
-17.0 5.0 10.473826531109175 
-17.0 -23.0 0.16092072662643453 
-17.0 18.0 4.120114294299371 
-17.0 -4.0 12.980141721325221 
-17.0 -19.0 1.198109201683062 
-17.0 -12.0 8.058327820632094 
-17.0 11.0 18.05776694436134 
-17.0 -19.0 4.529507171984859 
-17.0 0.0 30.813220430171096 
-18.0 -3.0 0.8753763277828952 
-18.0 2.0 3.6686862332763193 
-18.0 10.0 4.3801207381578555 
-18.0 -9.0 13.173487715787523 
-18.0 0.0 3.12152536021415 
-18.0 -8.0 1.8010402871585507 
-18.0 -1.0 6.648826754540482 
-18.0 13.0 1.8405461420639702 
-18.0 -13.0 8.385707331423298 
-18.0 -7.0 2.3383854163452344 
-18.0 -5.0 11.64239146299295 
-19.0 -12.0 3.7493212113006713 
-19.0 -19.0 2.995683064803023 
-19.0 4.0 5.549201866819509 
-19.0 0.0 9.716156195358817 
-19.0 -7.0 15.039623833911552 
-19.0 -9.0 15.427090225171636 
-20.0 -2.0 11.464076389236077 
-20.0 8.0 8.152226825809294 
-20.0 0.0 0.6012791886302882 
-20.0 -2.0 5.3150799594238185 
-20.0 6.0 14.535500683009905 
-20.0 -16.0 3.8898393410847776 
-20.0 2.0 14.417008912478547 
-20.0 -1.0 9.564796674073172 
-21.0 8.0 11.173987946614282 
-21.0 3.0 11.362774399779951 
-21.0 -6.0 0.7226049459885253 
-21.0 2.0 1.2503868956115216 
-21.0 8.0 12.56160416969232 
-21.0 -11.0 2.06552806500071 
-21.0 -16.0 2.2640991510738395 
-21.0 8.0 6.638391102657071 
-22.0 5.0 2.7945449204611617 
-22.0 2.0 11.193463456508068 
-22.0 6.0 10.709797095394546 
-22.0 -1.0 5.223506171939674 
-22.0 5.0 5.285550389874993 
-22.0 14.0 2.7112419835506607 
-22.0 -5.0 5.480715449244333 
-23.0 13.0 0.07559935256529204 
-23.0 13.0 0.9158291933080154 
-23.0 -4.0 7.164475174999074 
-23.0 1.0 4.08065072046182 
-24.0 -37.0 0.0003167502070633432 
-25.0 12.0 2.428010102875189 
-25.0 -12.0 0.9939808196393063 
-26.0 -2.0 1.5171634942490186 
-28.0 24.0 0.033335862081207424 
